3 0.615339 0.748536 0.005329 0.004566
1 0.309993 0.957976 0.004718 0.008129
1 0.271075 0.912365 0.003561 0.008727
1 0.208883 0.955738 0.002842 0.008534
1 0.203884 0.938853 0.004205 0.008574
1 0.915548 0.250879 0.004648 0.005264
1 0.976103 0.255496 0.005207 0.005397
1 0.961350 0.279106 0.005534 0.006507
1 0.984755 0.304062 0.004649 0.004833
1 0.990379 0.316168 0.004295 0.006841
1 0.981433 0.322154 0.004096 0.005823
1 0.985769 0.341950 0.004649 0.006642
1 0.964096 0.350570 0.004161 0.005223
1 0.913451 0.387511 0.004973 0.005719
1 0.913228 0.347652 0.005357 0.005550
1 0.917988 0.335691 0.004959 0.006220
1 0.899923 0.335977 0.005933 0.006508
1 0.897842 0.322962 0.005490 0.005647
1 0.895249 0.404335 0.004947 0.005229
1 0.852649 0.397321 0.004248 0.005098
1 0.858328 0.394286 0.004846 0.006368
1 0.851088 0.381119 0.004152 0.003891
1 0.834531 0.372546 0.004736 0.005021
1 0.840926 0.365784 0.004612 0.004191
1 0.835274 0.417361 0.004516 0.004413
1 0.795772 0.421491 0.004783 0.004996
2 0.130626 0.617131 0.005977 0.005861
1 0.741008 0.417700 0.004462 0.005587
1 0.854967 0.478841 0.007269 0.006890
1 0.896792 0.491006 0.005993 0.005450
1 0.203452 0.869189 0.005681 0.005223
1 0.610185 0.238419 0.005037 0.006071
1 0.641238 0.250648 0.004916 0.004900
1 0.637690 0.215474 0.004519 0.005076
1 0.328779 0.760358 0.003509 0.006021
1 0.312893 0.750776 0.004059 0.007136
1 0.290288 0.761004 0.004760 0.007018
1 0.269993 0.776176 0.008747 0.005144
1 0.684913 0.192299 0.004051 0.004404
1 0.856869 0.210943 0.004550 0.004453
1 0.680289 0.283971 0.005325 0.005424
1 0.864723 0.304343 0.004893 0.005002
1 0.978902 0.446105 0.004285 0.006366
1 0.831478 0.755687 0.004251 0.004789
1 0.978504 0.692198 0.005100 0.005345
1 0.593882 0.619429 0.004470 0.006273
1 0.661039 0.633732 0.004973 0.006271
1 0.675122 0.652024 0.004846 0.006064
1 0.691855 0.664703 0.004662 0.005650
1 0.700561 0.634081 0.005355 0.006417
1 0.695939 0.612441 0.004527 0.007509
1 0.743150 0.698618 0.005007 0.005172
1 0.760794 0.695963 0.004519 0.005795
1 0.768492 0.846526 0.004575 0.004944
1 0.985752 0.399566 0.003748 0.005847
1 0.640133 0.686759 0.004462 0.007372
1 0.633773 0.735597 0.004391 0.005223
1 0.698342 0.715724 0.004783 0.005443
1 0.720082 0.909207 0.003135 0.006315
1 0.903564 0.904760 0.004132 0.006036
1 0.855975 0.906993 0.004744 0.005540
1 0.836772 0.912035 0.005203 0.005540
1 0.934649 0.867780 0.004384 0.004880
1 0.949702 0.858401 0.005092 0.005167
1 0.936039 0.836319 0.004737 0.005216
1 0.903403 0.559774 0.005385 0.006057
1 0.808852 0.582497 0.004622 0.005568
1 0.797854 0.555683 0.005473 0.004193
1 0.765870 0.547300 0.004091 0.005109
1 0.741935 0.558899 0.004143 0.006257
1 0.673418 0.551334 0.004428 0.005207
1 0.682665 0.516295 0.004539 0.006141
3 0.729641 0.465072 0.004996 0.005345
1 0.631922 0.461624 0.005129 0.005183
1 0.629366 0.414455 0.006406 0.007180
1 0.701936 0.364705 0.004483 0.005538
1 0.751882 0.371226 0.005977 0.004784
1 0.816566 0.341503 0.004100 0.003766
1 0.768557 0.325790 0.005756 0.005789
1 0.755767 0.268940 0.006475 0.004019
1 0.794103 0.282626 0.006088 0.004938
1 0.816240 0.279781 0.005715 0.005705
1 0.837475 0.288611 0.005124 0.006009
1 0.811663 0.231911 0.005866 0.005622
1 0.816532 0.185165 0.005072 0.004951
1 0.793017 0.177783 0.005503 0.005053
1 0.834340 0.159064 0.004796 0.004984
1 0.792525 0.154562 0.005782 0.004951
1 0.851990 0.165441 0.004960 0.004641
1 0.873774 0.160201 0.004783 0.005167
1 0.857897 0.123858 0.004207 0.005701
1 0.913560 0.147550 0.005357 0.004833
1 0.925492 0.141167 0.005977 0.005264
1 0.931317 0.121896 0.003948 0.005262
1 0.907316 0.106337 0.006026 0.003588
1 0.976529 0.143725 0.006519 0.007377
1 0.964677 0.132993 0.006240 0.004119
1 0.911621 0.057336 0.003763 0.005454
1 0.899512 0.032168 0.004604 0.006220
1 0.874629 0.058341 0.004693 0.005839
1 0.863914 0.059203 0.003986 0.005455
1 0.832367 0.062526 0.004760 0.004961
1 0.785952 0.089634 0.005808 0.005169
3 0.966854 0.652982 0.003673 0.004272
3 0.681431 0.952587 0.004020 0.004284
3 0.911036 0.638875 0.005586 0.005243
3 0.835744 0.324949 0.005232 0.006139
3 0.756948 0.386243 0.004080 0.004712
3 0.860210 0.205487 0.005014 0.004912
3 0.894454 0.244292 0.004493 0.004787
3 0.913467 0.214449 0.004493 0.005118
2 0.239180 0.946763 0.006299 0.005348
2 0.343473 0.965621 0.005970 0.004995
3 0.794399 0.942924 0.005190 0.005151
3 0.953475 0.917166 0.004584 0.005549
3 0.586789 0.833262 0.005329 0.005149
1 0.595211 0.229069 0.004467 0.004481
3 0.680879 0.764134 0.006236 0.004467
1 0.269495 0.772667 0.006128 0.005302
1 0.519795 0.761215 0.005626 0.003826
1 0.526602 0.757413 0.004531 0.005315
1 0.541118 0.751318 0.003291 0.006806
1 0.546033 0.750302 0.001736 0.006076
1 0.549728 0.749177 0.002196 0.008411
1 0.556361 0.744841 0.003572 0.006538
1 0.486665 0.721399 0.002938 0.007915
1 0.369542 0.767376 0.003018 0.007474
1 0.365959 0.764097 0.003224 0.007154
1 0.736401 0.106792 0.006567 0.005821
1 0.672391 0.143272 0.004078 0.005007
1 0.631863 0.181603 0.004334 0.005422
1 0.618268 0.170352 0.004270 0.005930
1 0.595003 0.203187 0.004466 0.004826
1 0.580503 0.206951 0.004292 0.005468
1 0.962328 0.452133 0.004936 0.006104
1 0.952001 0.461422 0.005534 0.006343
1 0.913443 0.594239 0.004521 0.004536
1 0.979742 0.580526 0.004179 0.006480
1 0.590712 0.918514 0.004059 0.005385
1 0.973311 0.759829 0.004275 0.007045
1 0.711105 0.949124 0.004462 0.005086
1 0.463538 0.784887 0.005759 0.010628
1 0.468300 0.779851 0.002756 0.010132
1 0.488677 0.769470 0.002443 0.005737
1 0.493539 0.768094 0.002832 0.006959
1 0.505721 0.762476 0.002798 0.006348
1 0.514367 0.755655 0.003187 0.005927
3 0.870613 0.641977 0.004431 0.004745
2 0.714432 0.867833 0.004768 0.004984
2 0.616176 0.955307 0.005233 0.005009
2 0.437215 0.882503 0.005534 0.005149
2 0.512987 0.930832 0.005424 0.004909
3 0.984762 0.510984 0.004768 0.004239
3 0.897223 0.744391 0.004838 0.005705
3 0.707600 0.718389 0.004985 0.005515
3 0.656646 0.640504 0.006593 0.006380
