2 0.230922 0.916853 0.007985 0.006220
4 0.940233 0.281894 0.007784 0.009186
4 0.941538 0.233819 0.010429 0.009663
4 0.632290 0.117886 0.008370 0.007612
4 0.566555 0.057566 0.009173 0.010669
4 0.798375 0.157961 0.012574 0.011878
4 0.904411 0.037908 0.009926 0.009539
4 0.548326 0.093252 0.010110 0.009327
4 0.354310 0.303877 0.009056 0.007861
4 0.348103 0.382160 0.007784 0.008680
4 0.379156 0.432808 0.007574 0.008258
4 0.429821 0.448834 0.007114 0.009027
4 0.450583 0.580002 0.008552 0.006465
4 0.012450 0.801851 0.007976 0.006197
4 0.328624 0.958725 0.006167 0.006725
4 0.725008 0.962030 0.009039 0.006624
4 0.244853 0.366057 0.009826 0.007578
4 0.082107 0.562118 0.009290 0.008320
4 0.008678 0.682788 0.007305 0.008181
4 0.282424 0.237234 0.008236 0.009592
4 0.594813 0.269253 0.006411 0.008567
4 0.527939 0.201912 0.011553 0.009795
4 0.521810 0.166728 0.010253 0.009645
4 0.445737 0.126956 0.008960 0.008108
4 0.095116 0.308635 0.007767 0.008832
4 0.117134 0.370406 0.009223 0.010581
4 0.056629 0.487273 0.007499 0.009274
4 0.981395 0.869873 0.011635 0.008673
4 0.943637 0.674854 0.010797 0.009733
4 0.923976 0.393298 0.006177 0.008479
4 0.869828 0.337043 0.008453 0.008090
