4 0.015267 0.950266 0.005106 0.010411
4 0.007751 0.906144 0.008146 0.006551
1 0.197579 0.284626 0.006051 0.005303
1 0.167699 0.318997 0.005361 0.006698
3 0.228779 0.586964 0.004256 0.003858
3 0.108994 0.636681 0.003863 0.004265
4 0.071995 0.684566 0.004998 0.011346
1 0.012733 0.653281 0.004992 0.005694
1 0.022324 0.914532 0.007029 0.006046
4 0.173399 0.969865 0.008099 0.013079
4 0.148041 0.847057 0.008719 0.009809
4 0.214797 0.457472 0.007020 0.007047
4 0.439987 0.024497 0.006725 0.006636
4 0.716699 0.077205 0.006619 0.007130
1 0.951916 0.795701 0.005453 0.006413
1 0.011552 0.500458 0.004736 0.006719
1 0.039917 0.483845 0.005685 0.006032
1 0.551758 0.425025 0.007037 0.005074
1 0.536570 0.438065 0.004634 0.005811
1 0.522714 0.450713 0.006906 0.004290
1 0.522429 0.455966 0.005900 0.004842
1 0.495586 0.414070 0.005099 0.005414
1 0.445060 0.409188 0.006077 0.005947
1 0.483238 0.434451 0.004656 0.005283
1 0.601870 0.406619 0.005726 0.006634
1 0.023069 0.295374 0.003920 0.006000
1 0.115038 0.324090 0.007032 0.005145
1 0.114054 0.320232 0.005066 0.006335
1 0.938166 0.690559 0.005102 0.005823
1 0.938590 0.684175 0.007408 0.004575
1 0.840919 0.892450 0.005284 0.005225
1 0.953592 0.713815 0.005712 0.005462
1 0.948126 0.704624 0.005522 0.005264
1 0.937813 0.706753 0.005798 0.005057
1 0.952675 0.694047 0.005897 0.005551
1 0.947917 0.691339 0.006589 0.004122
1 0.875159 0.598711 0.005464 0.006204
1 0.869681 0.596926 0.005808 0.006176
1 0.864055 0.589811 0.006095 0.004458
1 0.897155 0.612834 0.006150 0.004984
1 0.819648 0.594178 0.006132 0.006029
1 0.809822 0.594250 0.005996 0.005023
1 0.806780 0.590206 0.006087 0.005646
1 0.803944 0.586954 0.005949 0.006029
1 0.750465 0.604600 0.005905 0.005407
3 0.749104 0.586848 0.004906 0.004736
3 0.704515 0.578497 0.004694 0.004469
1 0.710435 0.563925 0.005640 0.005145
1 0.797373 0.559679 0.005993 0.003854
1 0.787271 0.552867 0.006591 0.004518
1 0.782937 0.548315 0.005803 0.005250
1 0.781298 0.545956 0.006560 0.003722
1 0.785601 0.544309 0.004447 0.005420
1 0.780998 0.537515 0.007348 0.004120
1 0.744227 0.519670 0.005828 0.006061
1 0.731178 0.503581 0.005299 0.006500
1 0.725599 0.499075 0.005564 0.005940
1 0.717372 0.497779 0.005752 0.005742
1 0.698850 0.488966 0.005260 0.005503
1 0.696051 0.526779 0.004809 0.005942
1 0.659909 0.469090 0.006473 0.004465
1 0.642056 0.465880 0.006093 0.005223
1 0.633357 0.466678 0.005336 0.005544
1 0.623617 0.467455 0.005904 0.004864
1 0.577241 0.441680 0.005072 0.006700
1 0.566612 0.456933 0.007570 0.004347
1 0.574667 0.462734 0.004619 0.006300
1 0.568011 0.473699 0.005223 0.005184
3 0.554898 0.488044 0.004555 0.004683
1 0.585308 0.528670 0.006045 0.004823
1 0.577625 0.524251 0.005781 0.005538
1 0.570150 0.516545 0.005803 0.006369
1 0.565962 0.507927 0.005637 0.005903
1 0.546232 0.530791 0.004960 0.005703
1 0.531077 0.569921 0.006093 0.004984
1 0.554039 0.563986 0.004911 0.006730
3 0.644140 0.688435 0.003940 0.004295
1 0.806311 0.681580 0.007526 0.004226
1 0.804798 0.673087 0.008057 0.004067
1 0.847604 0.664786 0.004426 0.006420
1 0.873729 0.631184 0.007187 0.003585
1 0.945519 0.662430 0.005254 0.005926
1 0.954356 0.649546 0.006619 0.004786
3 0.085186 0.826809 0.005262 0.004864
1 0.024761 0.898994 0.006965 0.006346
1 0.232946 0.633347 0.007356 0.004977
1 0.240956 0.633347 0.006223 0.005359
1 0.219216 0.625787 0.004589 0.006985
1 0.211318 0.623467 0.003589 0.006841
1 0.197088 0.622079 0.006359 0.005407
1 0.191983 0.613777 0.006132 0.006029
1 0.187877 0.614519 0.003994 0.007130
1 0.170218 0.610116 0.006995 0.003971
1 0.155343 0.500371 0.005752 0.004541
4 0.013949 0.430140 0.006900 0.013063
1 0.038271 0.331663 0.006585 0.005166
1 0.039224 0.325059 0.005677 0.005455
1 0.043614 0.332857 0.005267 0.005682
1 0.027967 0.299152 0.005749 0.006700
1 0.018643 0.284219 0.005862 0.006579
4 0.044638 0.135378 0.005692 0.008957
1 0.060576 0.072674 0.004511 0.005483
1 0.041554 0.072968 0.005637 0.005066
1 0.557389 0.053223 0.006051 0.004021
3 0.489918 0.121501 0.005015 0.005521
4 0.754646 0.358880 0.010299 0.010508
4 0.647947 0.269165 0.009216 0.008957
4 0.592151 0.218900 0.007308 0.008428
4 0.528197 0.242220 0.009803 0.005885
1 0.381428 0.161322 0.006263 0.005225
3 0.359427 0.152001 0.004861 0.005025
1 0.413657 0.169465 0.005447 0.005598
1 0.428746 0.189275 0.004681 0.004832
1 0.431901 0.193749 0.005815 0.005264
1 0.432490 0.237172 0.006018 0.005583
1 0.464420 0.246184 0.005020 0.004940
1 0.482083 0.270806 0.006065 0.004407
1 0.508152 0.260228 0.006371 0.005749
3 0.482810 0.250772 0.004669 0.005053
1 0.524506 0.265583 0.005989 0.004053
1 0.533700 0.266692 0.005385 0.005731
3 0.398576 0.428063 0.004491 0.004625
3 0.734835 0.359741 0.004536 0.004538
3 0.740701 0.401084 0.004536 0.004687
3 0.884887 0.019207 0.004249 0.004851
2 0.239878 0.386256 0.006169 0.005034
3 0.704967 0.026195 0.003666 0.004373
3 0.772473 0.093767 0.004439 0.005101
3 0.782993 0.070252 0.004854 0.004687
3 0.917564 0.240114 0.004096 0.004046
3 0.824659 0.313995 0.004310 0.004209
3 0.946722 0.283234 0.004434 0.004251
3 0.966069 0.372650 0.004879 0.004745
3 0.957532 0.456251 0.004466 0.004517
3 0.202335 0.416481 0.004180 0.004216
2 0.119512 0.388871 0.006535 0.005657
4 0.504263 0.291339 0.010349 0.006085
1 0.603851 0.252784 0.004951 0.005650
1 0.613639 0.258067 0.005299 0.005448
1 0.622737 0.267610 0.005548 0.005981
1 0.621307 0.248245 0.006402 0.004021
1 0.632592 0.248893 0.007726 0.003654
1 0.611740 0.218660 0.005489 0.004745
1 0.591852 0.189578 0.006018 0.004874
1 0.568172 0.211039 0.005712 0.004147
1 0.571595 0.217399 0.007338 0.003867
1 0.313211 0.174255 0.005260 0.005811
1 0.319955 0.171031 0.006083 0.004881
1 0.330801 0.168352 0.004760 0.005949
1 0.292180 0.197566 0.006775 0.005623
1 0.297228 0.198024 0.004009 0.005503
1 0.267764 0.198476 0.006723 0.005359
1 0.269777 0.106019 0.006218 0.005359
1 0.238525 0.193010 0.006019 0.005184
4 0.203556 0.146396 0.009157 0.010197
1 0.201784 0.097439 0.006265 0.005455
1 0.199650 0.092607 0.005537 0.005742
1 0.182032 0.058870 0.005270 0.006124
1 0.175973 0.026786 0.005588 0.006268
1 0.175087 0.023724 0.006087 0.004641
1 0.177313 0.035902 0.005996 0.006220
1 0.179195 0.041620 0.005314 0.005885
1 0.192190 0.072791 0.005579 0.005483
1 0.195988 0.083623 0.004792 0.005614
1 0.273362 0.068723 0.004728 0.007079
1 0.273882 0.056180 0.005453 0.005051
1 0.273425 0.046860 0.005042 0.005349
1 0.273031 0.036110 0.005453 0.005382
1 0.273346 0.023766 0.004760 0.005283
1 0.274780 0.014579 0.005737 0.005450
1 0.278404 0.011107 0.008132 0.003821
1 0.225621 0.047565 0.005450 0.006220
1 0.083728 0.065995 0.004463 0.006579
1 0.162171 0.117661 0.005665 0.005857
1 0.128037 0.199946 0.004468 0.006698
1 0.834594 0.155734 0.005274 0.005331
1 0.830852 0.136712 0.005339 0.004869
1 0.831119 0.144884 0.004879 0.004945
1 0.856485 0.164616 0.004992 0.005492
1 0.966876 0.064128 0.005371 0.004825
1 0.981486 0.076119 0.006945 0.004115
3 0.963566 0.068554 0.004501 0.005143
1 0.896655 0.032964 0.004684 0.005340
3 0.907162 0.078181 0.004793 0.004651
1 0.978881 0.072467 0.006960 0.004032
3 0.855700 0.129983 0.004572 0.004485
1 0.789683 0.099483 0.006014 0.005028
1 0.780792 0.078691 0.007002 0.004347
1 0.770905 0.059520 0.004337 0.006700
1 0.766585 0.074501 0.005519 0.005428
1 0.759099 0.070278 0.005571 0.005786
1 0.756696 0.062400 0.006698 0.004651
1 0.742981 0.057753 0.005220 0.004745
3 0.703289 0.159402 0.004916 0.004487
1 0.689692 0.162926 0.005930 0.003716
3 0.662003 0.146983 0.004100 0.004518
3 0.668341 0.135701 0.004350 0.004086
1 0.517557 0.038731 0.006068 0.004625
1 0.620534 0.231657 0.005452 0.005602
1 0.616699 0.225580 0.006041 0.005019
1 0.605647 0.190349 0.005677 0.004784
3 0.435875 0.289237 0.004733 0.004908
1 0.401974 0.325257 0.005279 0.005234
1 0.400108 0.319485 0.005020 0.006427
1 0.400542 0.335908 0.004649 0.005705
1 0.400359 0.344714 0.004281 0.006202
1 0.406834 0.350460 0.005411 0.006119
1 0.414849 0.357828 0.004921 0.006347
1 0.422351 0.372282 0.005047 0.006480
1 0.438324 0.386237 0.004199 0.006379
1 0.440110 0.402713 0.005692 0.006092
1 0.453076 0.414698 0.004573 0.006811
1 0.465474 0.431317 0.007224 0.003828
1 0.476368 0.432314 0.006999 0.004784
1 0.442684 0.429916 0.005455 0.005384
1 0.410231 0.375395 0.005887 0.004958
1 0.403257 0.369109 0.006491 0.004458
1 0.388867 0.347650 0.005648 0.005398
1 0.391318 0.315157 0.007271 0.004616
1 0.389106 0.323198 0.005475 0.005469
1 0.393695 0.307027 0.007145 0.004816
1 0.396046 0.302416 0.005123 0.004733
1 0.395469 0.292667 0.007696 0.004237
1 0.409468 0.294954 0.005752 0.005984
1 0.396584 0.296849 0.004938 0.006121
1 0.407948 0.284633 0.004877 0.005841
1 0.404826 0.279739 0.004815 0.006624
1 0.388141 0.271081 0.006130 0.004577
1 0.395445 0.255589 0.004357 0.007431
1 0.390389 0.249162 0.005450 0.005561
1 0.385913 0.244893 0.006041 0.005699
1 0.396724 0.234804 0.005386 0.006507
1 0.383690 0.231565 0.004992 0.005977
1 0.377844 0.229969 0.005739 0.006245
1 0.359163 0.236353 0.005363 0.006739
4 0.328394 0.242704 0.009714 0.011441
1 0.301140 0.286577 0.005170 0.006015
1 0.301519 0.275894 0.006051 0.006048
1 0.301755 0.267836 0.005516 0.005747
1 0.298645 0.248325 0.005044 0.006452
1 0.304500 0.235113 0.004822 0.005216
3 0.229134 0.321425 0.005111 0.005421
3 0.304991 0.430405 0.004305 0.004230
3 0.381927 0.487225 0.004412 0.004952
1 0.402996 0.494506 0.005516 0.006147
1 0.403893 0.470251 0.006910 0.005150
1 0.401622 0.465474 0.004678 0.006174
3 0.488336 0.522048 0.004809 0.005568
3 0.476659 0.504458 0.004547 0.004844
3 0.481733 0.487307 0.004790 0.004256
1 0.450547 0.545915 0.006176 0.005814
1 0.544555 0.420180 0.006943 0.003688
3 0.360095 0.496220 0.004762 0.004784
3 0.295760 0.576896 0.004728 0.004465
1 0.304221 0.293358 0.005677 0.005986
3 0.377031 0.368204 0.004636 0.003858
1 0.291847 0.398024 0.005267 0.006115
1 0.288490 0.391478 0.005361 0.005848
3 0.366380 0.452641 0.004597 0.004460
3 0.300822 0.483618 0.004950 0.004754
3 0.557831 0.425421 0.004812 0.005407
3 0.533797 0.344739 0.004699 0.004453
3 0.462643 0.398914 0.004953 0.005359
1 0.574395 0.331374 0.006926 0.005064
1 0.572564 0.329799 0.005447 0.004786
1 0.955242 0.297050 0.005768 0.004419
1 0.947136 0.275120 0.005991 0.005264
1 0.944685 0.268398 0.004993 0.005694
1 0.945041 0.241164 0.005789 0.005143
1 0.680267 0.199782 0.005542 0.004497
1 0.672565 0.199802 0.006177 0.004547
1 0.716314 0.170777 0.005359 0.004487
1 0.720050 0.166008 0.007281 0.004386
1 0.782245 0.018038 0.004392 0.006579
1 0.784363 0.028884 0.006812 0.005940
1 0.786803 0.038872 0.006622 0.004784
3 0.810747 0.208246 0.004290 0.004556
3 0.760384 0.327012 0.005668 0.005646
1 0.686744 0.285970 0.005121 0.005340
1 0.680456 0.281586 0.005957 0.004586
1 0.700810 0.295129 0.005042 0.005117
1 0.713441 0.301375 0.004310 0.005066
1 0.718781 0.307295 0.006369 0.005382
3 0.785677 0.350152 0.004921 0.005050
1 0.779593 0.354240 0.007758 0.005384
1 0.780538 0.348674 0.004731 0.005616
1 0.777655 0.337227 0.004889 0.005715
1 0.774786 0.331528 0.004825 0.005683
1 0.783008 0.361134 0.005096 0.005317
1 0.621832 0.275628 0.005279 0.005317
1 0.417325 0.365524 0.006051 0.005627
3 0.542917 0.574125 0.004721 0.004929
3 0.083075 0.855444 0.004793 0.004322
1 0.149462 0.819510 0.005326 0.005320
1 0.171629 0.810165 0.004911 0.005244
1 0.135944 0.532018 0.004407 0.006222
1 0.116992 0.542512 0.003359 0.007321
3 0.163514 0.855051 0.004389 0.004706
1 0.155218 0.419862 0.004960 0.004745
1 0.947671 0.668718 0.006048 0.006349
1 0.794115 0.410824 0.005768 0.005306
1 0.733535 0.088840 0.007580 0.004958
1 0.111263 0.048911 0.006799 0.004352
1 0.393457 0.014263 0.007103 0.005184
1 0.192922 0.009448 0.006705 0.005174
1 0.263818 0.034676 0.005250 0.006303
1 0.258976 0.032227 0.005584 0.005953
1 0.255015 0.029828 0.005129 0.006335
1 0.016291 0.231779 0.004617 0.005935
1 0.021229 0.227328 0.007222 0.005471
2 0.209909 0.514947 0.008344 0.006498
2 0.357851 0.550180 0.009965 0.008394
1 0.152952 0.538266 0.006347 0.005731
3 0.041968 0.927188 0.005003 0.004242
3 0.008168 0.852743 0.005349 0.004862
4 0.462862 0.077597 0.006332 0.007426
4 0.439358 0.259800 0.006371 0.006958
4 0.394469 0.218114 0.008576 0.007751
4 0.384924 0.193254 0.007378 0.006303
4 0.966446 0.191634 0.007148 0.007171
4 0.757100 0.835580 0.007062 0.008302
4 0.147246 0.032133 0.006145 0.007477
4 0.111816 0.365404 0.005929 0.006516
4 0.253796 0.548477 0.006718 0.005914
4 0.122025 0.504752 0.006975 0.007387
4 0.039724 0.291015 0.006549 0.007277
4 0.975722 0.372367 0.007440 0.009373
4 0.899148 0.225354 0.008860 0.009324
4 0.234321 0.486184 0.005895 0.005643
3 0.932758 0.210316 0.004817 0.004694
1 0.371894 0.220637 0.005947 0.006080
1 0.369238 0.210781 0.005356 0.004646
1 0.405663 0.242337 0.005311 0.005747
1 0.407320 0.248748 0.005175 0.005174
1 0.407230 0.258630 0.005810 0.004072
1 0.431354 0.246236 0.006762 0.004742
1 0.433759 0.248724 0.005583 0.005508
1 0.433668 0.254466 0.005492 0.005891
1 0.449487 0.244011 0.005084 0.005267
1 0.446173 0.235637 0.005356 0.006130
1 0.446060 0.228317 0.004494 0.006032
1 0.425590 0.224346 0.005673 0.004789
1 0.422004 0.214346 0.005401 0.004694
1 0.412880 0.200493 0.006308 0.006082
1 0.399488 0.190806 0.004679 0.005933
1 0.391820 0.165300 0.005400 0.004885
1 0.220333 0.009235 0.005437 0.005733
1 0.396471 0.066222 0.005778 0.004791
1 0.389973 0.085965 0.005032 0.006225
1 0.380801 0.094219 0.004615 0.006144
1 0.364030 0.116743 0.005769 0.006351
1 0.353628 0.119966 0.005516 0.004954
1 0.341521 0.148610 0.005034 0.004476
1 0.365222 0.142257 0.004807 0.005845
1 0.373509 0.145081 0.004780 0.005513
1 0.286878 0.169572 0.005358 0.005510
1 0.292368 0.149219 0.005254 0.006285
1 0.290725 0.139473 0.005013 0.004680
1 0.276218 0.214680 0.006399 0.004494
1 0.272781 0.209842 0.005516 0.004789
1 0.267344 0.210192 0.007439 0.004757
1 0.228801 0.203040 0.007313 0.004954
1 0.234759 0.201165 0.005044 0.005715
1 0.075071 0.157935 0.006174 0.004881
4 0.815640 0.190316 0.007867 0.007364
4 0.732626 0.248789 0.009353 0.007557
4 0.035296 0.221563 0.007272 0.008888
