1 0.210279 0.883109 0.006758 0.004776
1 0.146792 0.058391 0.007787 0.002666
1 0.177659 0.043752 0.003620 0.008264
1 0.157549 0.032480 0.005106 0.006722
1 0.953123 0.211223 0.006047 0.005238
1 0.921687 0.309181 0.007423 0.004115
1 0.918880 0.316453 0.007333 0.003158
1 0.913199 0.328918 0.007380 0.003399
1 0.895974 0.340521 0.007606 0.002966
1 0.896313 0.348033 0.007470 0.002678
1 0.896992 0.352100 0.008012 0.002583
1 0.895883 0.355665 0.006067 0.005312
1 0.894797 0.365235 0.006699 0.003302
1 0.886218 0.381886 0.006926 0.003779
1 0.871214 0.471399 0.007102 0.003958
1 0.881904 0.483743 0.006413 0.004257
1 0.904147 0.497849 0.006696 0.005287
1 0.903171 0.513266 0.005753 0.005154
1 0.910967 0.513715 0.007515 0.003990
1 0.910471 0.531610 0.006891 0.004929
1 0.907610 0.555098 0.006916 0.004320
1 0.900606 0.690296 0.007262 0.003825
1 0.898270 0.786476 0.006791 0.003394
1 0.888016 0.803155 0.007282 0.003872
1 0.897145 0.818566 0.006375 0.003912
1 0.881981 0.812704 0.007431 0.002796
1 0.921123 0.889501 0.005789 0.005405
1 0.695718 0.928592 0.003427 0.007751
1 0.694742 0.919089 0.002770 0.006889
1 0.729487 0.957441 0.007651 0.003828
1 0.787760 0.977707 0.006626 0.003042
1 0.796608 0.935502 0.007549 0.002631
1 0.808191 0.928264 0.007621 0.003788
1 0.797458 0.923101 0.007130 0.003747
1 0.788650 0.919114 0.007015 0.003271
1 0.758365 0.904589 0.007470 0.003513
1 0.754460 0.891052 0.007732 0.002516
1 0.788525 0.889458 0.006829 0.003234
1 0.803615 0.888580 0.007886 0.002995
1 0.832325 0.876094 0.007198 0.003494
1 0.836445 0.865207 0.007559 0.003828
1 0.819627 0.839011 0.007333 0.003589
1 0.813991 0.820709 0.002762 0.008901
1 0.775848 0.849753 0.003352 0.007369
1 0.712345 0.873747 0.007395 0.003274
1 0.704215 0.865892 0.004187 0.006545
1 0.693407 0.864138 0.005583 0.005666
1 0.730735 0.858319 0.005167 0.005901
1 0.712967 0.836645 0.007282 0.003074
1 0.728132 0.826378 0.006601 0.003752
1 0.747473 0.772313 0.005743 0.005470
1 0.682418 0.748844 0.007511 0.004085
1 0.312646 0.627424 0.005947 0.006000
1 0.338262 0.641854 0.007704 0.004285
1 0.347589 0.620137 0.006082 0.005430
1 0.339749 0.599349 0.006082 0.006144
1 0.321298 0.596991 0.006758 0.004857
1 0.326434 0.586419 0.005947 0.005143
1 0.411661 0.571345 0.005272 0.007287
1 0.421596 0.560487 0.002703 0.007572
1 0.369554 0.569487 0.004325 0.006715
1 0.355023 0.568060 0.005272 0.004429
1 0.354415 0.560559 0.005407 0.004572
1 0.357119 0.540557 0.004056 0.006286
1 0.344074 0.541699 0.003650 0.007144
1 0.328462 0.546557 0.003246 0.007716
1 0.337856 0.557702 0.006353 0.004572
1 0.344000 0.556486 0.004879 0.006715
1 0.322041 0.537556 0.003380 0.007143
1 0.289840 0.514932 0.005633 0.004298
1 0.287306 0.509574 0.003266 0.007157
1 0.281639 0.879713 0.007997 0.004174
1 0.277248 0.873465 0.003492 0.007155
1 0.263448 0.870964 0.005858 0.005727
1 0.253422 0.863583 0.005407 0.006680
1 0.246044 0.855248 0.006422 0.005013
1 0.225487 0.858522 0.007433 0.003941
1 0.232414 0.900492 0.002366 0.008584
1 0.235907 0.889300 0.004394 0.006678
1 0.282992 0.900314 0.007548 0.003941
1 0.313462 0.903832 0.002928 0.008574
1 0.185329 0.947171 0.005520 0.006668
1 0.145171 0.936032 0.005182 0.005847
1 0.140609 0.929901 0.006195 0.005488
1 0.136497 0.875549 0.005182 0.005847
1 0.167643 0.836615 0.005744 0.006559
1 0.154802 0.826793 0.005518 0.007157
1 0.122530 0.826375 0.006307 0.005608
1 0.134695 0.831733 0.007210 0.003941
1 0.313267 0.943388 0.006335 0.006211
1 0.348312 0.935410 0.005555 0.005467
1 0.352811 0.945497 0.004380 0.007614
1 0.372132 0.904901 0.006413 0.004804
1 0.386408 0.913127 0.005553 0.006539
1 0.396461 0.903577 0.004537 0.006622
1 0.394426 0.896756 0.004224 0.007698
1 0.370489 0.926562 0.006415 0.006622
1 0.407802 0.939874 0.007822 0.003149
1 0.477462 0.964638 0.005868 0.005713
1 0.477032 0.960586 0.007666 0.004225
1 0.459979 0.938428 0.003911 0.007202
1 0.454660 0.925984 0.005633 0.006126
1 0.419806 0.897830 0.003529 0.008029
1 0.424500 0.899158 0.006345 0.003721
1 0.490996 0.927803 0.004460 0.006789
1 0.476680 0.953682 0.007744 0.003977
1 0.516067 0.943264 0.006415 0.005963
1 0.495416 0.941487 0.003286 0.008192
1 0.503942 0.904362 0.006413 0.004721
1 0.544815 0.905810 0.006962 0.003977
1 0.584983 0.908869 0.005319 0.005961
1 0.531986 0.882328 0.005398 0.006787
1 0.545910 0.854960 0.007588 0.004639
1 0.507737 0.853636 0.007588 0.004969
1 0.497176 0.846361 0.007744 0.004306
1 0.516171 0.787837 0.005215 0.005374
1 0.541789 0.778384 0.006323 0.004547
1 0.540844 0.772941 0.006779 0.005513
1 0.537647 0.764947 0.007554 0.003308
1 0.810657 0.988017 0.006844 0.002648
1 0.799762 0.993140 0.006568 0.004545
1 0.850501 0.839761 0.006471 0.002469
1 0.772354 0.758702 0.006615 0.004737
1 0.739908 0.823297 0.007651 0.003302
1 0.837609 0.854901 0.007651 0.003397
1 0.826788 0.858609 0.006383 0.003063
1 0.816331 0.860258 0.008103 0.003306
1 0.791678 0.846258 0.006656 0.004790
1 0.783561 0.858251 0.006520 0.003923
1 0.751874 0.849510 0.002933 0.008671
1 0.733535 0.358801 0.006615 0.003728
1 0.720333 0.283614 0.007237 0.003445
1 0.724636 0.299152 0.005801 0.005994
1 0.701429 0.313035 0.003976 0.006889
1 0.695987 0.240762 0.006249 0.004067
1 0.833210 0.240469 0.006387 0.005120
11 0.068930 0.437651 0.016270 0.020506
11 0.014740 0.816691 0.022080 0.027980
11 0.489564 0.553009 0.015488 0.019265
11 0.520716 0.189758 0.008639 0.017948
11 0.380078 0.232992 0.017208 0.023564
11 0.348220 0.371475 0.023251 0.021301
11 0.082619 0.451879 0.017535 0.023909
1 0.095435 0.972881 0.003756 0.008087
1 0.269456 0.911775 0.006904 0.003512
1 0.263465 0.909117 0.003583 0.007297
1 0.329315 0.899046 0.004755 0.006030
1 0.335062 0.915974 0.006753 0.003554
1 0.296562 0.925944 0.003349 0.008090
1 0.350302 0.972417 0.005794 0.005980
1 0.416098 0.966258 0.005874 0.006682
1 0.426625 0.964945 0.005156 0.006402
1 0.419651 0.954338 0.005676 0.006545
1 0.981393 0.792076 0.007335 0.002963
1 0.951172 0.827321 0.007398 0.005105
1 0.892310 0.579705 0.005029 0.006147
1 0.825072 0.520858 0.007965 0.003214
1 0.736503 0.616766 0.003351 0.008521
1 0.740666 0.623631 0.007881 0.002919
1 0.787164 0.641688 0.007362 0.003988
1 0.808043 0.661783 0.007515 0.003784
1 0.778492 0.662070 0.006696 0.003854
1 0.653302 0.736969 0.003470 0.005905
1 0.650680 0.733938 0.007734 0.003592
1 0.582918 0.683253 0.006455 0.005222
1 0.578318 0.664841 0.005883 0.005715
1 0.556981 0.605324 0.005121 0.006508
1 0.635022 0.588635 0.003781 0.008613
1 0.623619 0.560476 0.003206 0.008020
1 0.640711 0.556218 0.005319 0.007111
1 0.722602 0.540655 0.002672 0.008688
1 0.597228 0.470357 0.005546 0.005905
1 0.319636 0.348148 0.004620 0.007310
1 0.316234 0.012369 0.008604 0.003513
1 0.299462 0.132512 0.005166 0.006086
1 0.344583 0.324754 0.004678 0.008843
1 0.357129 0.405400 0.007420 0.003788
1 0.383296 0.552583 0.005542 0.004537
1 0.103162 0.714443 0.006021 0.004545
1 0.156707 0.895115 0.007152 0.003067
1 0.137555 0.892988 0.006160 0.005312
1 0.134500 0.899161 0.005390 0.005405
1 0.073031 0.912623 0.005131 0.004904
1 0.063050 0.857852 0.006639 0.005024
1 0.207710 0.800943 0.006387 0.003925
1 0.182758 0.808832 0.007297 0.003754
1 0.121890 0.813656 0.004568 0.008134
1 0.140453 0.822249 0.007054 0.003868
1 0.168951 0.826201 0.004440 0.005994
1 0.134238 0.820617 0.005275 0.006028
1 0.131169 0.802559 0.005764 0.004823
1 0.294154 0.583600 0.005357 0.005622
1 0.337325 0.730487 0.005710 0.005627
1 0.328036 0.726583 0.007774 0.003675
1 0.243017 0.698087 0.005215 0.005511
1 0.232370 0.692345 0.004780 0.006547
1 0.213004 0.685655 0.005813 0.003847
1 0.210505 0.684451 0.004400 0.005799
1 0.188885 0.661239 0.004836 0.005231
1 0.161299 0.427182 0.003151 0.008614
1 0.268758 0.416508 0.005818 0.004076
1 0.270878 0.413264 0.007664 0.002755
1 0.248442 0.419637 0.006254 0.004823
1 0.984217 0.487550 0.006428 0.004834
1 0.974582 0.471510 0.006460 0.004616
1 0.728806 0.814211 0.005350 0.005061
1 0.707473 0.820749 0.005031 0.006119
1 0.719201 0.869342 0.003078 0.008852
1 0.743446 0.863370 0.007285 0.003617
1 0.758358 0.870662 0.007230 0.004996
1 0.767701 0.865065 0.006362 0.004134
1 0.737945 0.886459 0.006355 0.004248
1 0.722174 0.909735 0.007122 0.002755
1 0.687930 0.973943 0.007370 0.004141
1 0.701337 0.843231 0.006649 0.003934
1 0.681349 0.932491 0.006525 0.004306
1 0.812732 0.877866 0.006683 0.003842
1 0.821288 0.884638 0.007930 0.003617
1 0.808047 0.934166 0.004858 0.006285
1 0.800968 0.958139 0.008378 0.003149
1 0.806952 0.946650 0.006734 0.004962
1 0.811772 0.974288 0.007659 0.003473
1 0.804503 0.986550 0.008203 0.004248
1 0.969533 0.887296 0.008865 0.003170
1 0.978888 0.849366 0.006846 0.003789
1 0.930315 0.746563 0.007561 0.003111
1 0.969254 0.757265 0.008746 0.004714
1 0.982047 0.759906 0.007172 0.004141
1 0.981922 0.773090 0.007062 0.004139
1 0.973638 0.823786 0.007832 0.002824
1 0.975947 0.838284 0.007015 0.002824
1 0.940364 0.849880 0.007017 0.003689
1 0.949350 0.841482 0.007425 0.003833
1 0.886156 0.907151 0.006942 0.004586
1 0.934860 0.876504 0.004254 0.007273
1 0.932347 0.875596 0.005749 0.004880
1 0.928998 0.873970 0.005026 0.006508
1 0.916458 0.873155 0.006927 0.004018
1 0.912723 0.867916 0.003351 0.007512
1 0.911546 0.863562 0.006067 0.005790
1 0.907211 0.825553 0.003898 0.007709
1 0.860330 0.792627 0.003056 0.007895
1 0.838326 0.847091 0.007375 0.003976
1 0.823093 0.845059 0.005074 0.006411
1 0.834251 0.841806 0.006117 0.005838
1 0.840025 0.818094 0.007247 0.004347
1 0.823558 0.814603 0.007812 0.002476
1 0.846313 0.785839 0.002128 0.008235
1 0.838459 0.785172 0.002625 0.008326
1 0.839953 0.807898 0.007877 0.003642
1 0.824937 0.790803 0.007734 0.002882
1 0.826802 0.787937 0.008529 0.003190
1 0.851825 0.719528 0.005972 0.004785
1 0.802390 0.707944 0.006130 0.005848
1 0.799310 0.705318 0.008205 0.003459
1 0.769979 0.721001 0.004909 0.005382
1 0.769950 0.718240 0.007167 0.003425
1 0.789553 0.718340 0.007511 0.003359
1 0.798623 0.724355 0.007480 0.003360
1 0.803262 0.731531 0.004961 0.006339
1 0.771347 0.744876 0.007425 0.003545
1 0.769716 0.770549 0.006794 0.005119
1 0.665919 0.665862 0.006744 0.004545
1 0.685793 0.662631 0.006654 0.005168
1 0.691972 0.676006 0.004437 0.007130
1 0.713982 0.673365 0.008420 0.002583
1 0.714115 0.749383 0.007964 0.003788
1 0.645453 0.730970 0.007062 0.003589
1 0.636649 0.726759 0.006836 0.003397
1 0.607087 0.726830 0.007380 0.004020
1 0.622321 0.709126 0.004708 0.007561
1 0.619287 0.772710 0.007787 0.003640
1 0.647649 0.787398 0.007107 0.002302
1 0.528093 0.807434 0.003049 0.007579
1 0.537068 0.812170 0.003079 0.007878
1 0.540605 0.818167 0.007891 0.002995
1 0.582670 0.791904 0.007470 0.003548
1 0.583292 0.794357 0.005922 0.004864
1 0.441749 0.751703 0.006510 0.005017
1 0.466841 0.699578 0.004495 0.007343
1 0.528669 0.706825 0.007769 0.003023
1 0.532285 0.712307 0.007202 0.003555
1 0.536387 0.718555 0.007228 0.003689
1 0.580204 0.725530 0.006244 0.005469
1 0.587631 0.710430 0.008015 0.003290
1 0.583371 0.716976 0.006789 0.004751
1 0.604711 0.751313 0.006756 0.004067
1 0.579923 0.749283 0.004244 0.007243
1 0.565886 0.745330 0.006854 0.005782
1 0.545974 0.740623 0.006568 0.004225
1 0.535392 0.752789 0.006432 0.004737
1 0.534803 0.729701 0.007520 0.003731
1 0.526338 0.729677 0.007067 0.004257
1 0.521857 0.741161 0.006794 0.003589
1 0.510383 0.746544 0.006927 0.004018
1 0.472174 0.752507 0.006114 0.004829
1 0.467569 0.816120 0.007619 0.003149
1 0.456778 0.801068 0.005285 0.006300
1 0.431314 0.815980 0.004908 0.005901
1 0.438940 0.835345 0.005922 0.005207
1 0.443707 0.853146 0.007362 0.003657
1 0.410241 0.860753 0.006821 0.003992
1 0.423241 0.859905 0.006791 0.003956
1 0.341905 0.875892 0.005693 0.005349
1 0.351714 0.871756 0.005946 0.005717
1 0.350535 0.856106 0.004656 0.005516
1 0.411719 0.842133 0.002762 0.008092
1 0.415121 0.830885 0.005397 0.005484
1 0.397936 0.818962 0.004623 0.007127
1 0.375553 0.823939 0.007922 0.002919
1 0.357196 0.806833 0.005794 0.004881
1 0.383067 0.806211 0.006383 0.005265
1 0.396535 0.797621 0.007243 0.004160
1 0.392594 0.784222 0.006615 0.005497
1 0.107589 0.708047 0.006473 0.004071
1 0.117416 0.743833 0.004379 0.006102
1 0.117228 0.757649 0.004530 0.007097
1 0.123792 0.753503 0.003851 0.006140
1 0.150218 0.759882 0.005021 0.004625
1 0.187816 0.780880 0.006066 0.004595
1 0.172268 0.790423 0.006605 0.005217
1 0.193678 0.789477 0.005407 0.005583
1 0.229417 0.759185 0.003445 0.007848
1 0.238380 0.754210 0.004350 0.006889
1 0.250596 0.760156 0.006428 0.004976
1 0.256412 0.763508 0.006746 0.004407
1 0.285770 0.764966 0.006157 0.005599
1 0.287693 0.767143 0.005116 0.004498
1 0.272868 0.776976 0.005433 0.005310
1 0.266824 0.764152 0.005839 0.005024
1 0.296760 0.768768 0.005621 0.005340
1 0.295294 0.785436 0.005628 0.006845
1 0.318011 0.797180 0.004979 0.006061
1 0.320633 0.787112 0.005319 0.006420
1 0.328895 0.776306 0.003735 0.006100
1 0.347409 0.748610 0.002980 0.006023
1 0.349013 0.752777 0.005585 0.005581
1 0.381278 0.757348 0.003717 0.008475
1 0.385254 0.759897 0.006062 0.005994
1 0.393794 0.756934 0.005671 0.005994
1 0.391871 0.745015 0.004823 0.007234
1 0.366709 0.741259 0.006779 0.004547
1 0.380137 0.734645 0.004434 0.007165
1 0.393175 0.704052 0.005868 0.005513
1 0.423650 0.707945 0.004888 0.007236
1 0.395367 0.678034 0.007197 0.004210
1 0.396974 0.668728 0.008148 0.003589
1 0.345763 0.671781 0.006378 0.005064
1 0.326617 0.672977 0.006946 0.005303
1 0.342650 0.660537 0.006794 0.004426
1 0.327523 0.659160 0.006944 0.004067
1 0.325014 0.656390 0.006758 0.003070
1 0.322091 0.654457 0.006794 0.003111
1 0.432434 0.454497 0.006794 0.004306
1 0.410530 0.457547 0.007282 0.002711
1 0.388687 0.462911 0.003583 0.007697
1 0.401400 0.448058 0.006753 0.003191
1 0.389389 0.476136 0.005979 0.002636
1 0.382959 0.485947 0.005432 0.006172
1 0.379737 0.493308 0.004026 0.006598
1 0.375837 0.507161 0.005312 0.005284
1 0.350431 0.523581 0.005433 0.006258
1 0.307874 0.534799 0.002905 0.008373
1 0.275847 0.510205 0.006919 0.004486
1 0.274730 0.490949 0.006197 0.005449
1 0.266494 0.483207 0.005881 0.005782
1 0.254552 0.494574 0.005816 0.005683
1 0.230705 0.476911 0.005931 0.005938
1 0.205965 0.477988 0.005342 0.005794
1 0.187062 0.484574 0.006794 0.005071
1 0.150645 0.551185 0.003357 0.008736
1 0.202359 0.529628 0.006478 0.005407
1 0.206003 0.514436 0.005618 0.003350
1 0.194190 0.520561 0.006520 0.004020
1 0.019252 0.291161 0.007734 0.003789
1 0.093343 0.246401 0.003259 0.008331
1 0.059692 0.243274 0.007809 0.003548
1 0.062409 0.244830 0.006149 0.005303
1 0.433079 0.063216 0.006605 0.003854
1 0.449053 0.030718 0.004139 0.007144
1 0.397700 0.011914 0.006343 0.004985
1 0.378216 0.015286 0.006350 0.004153
1 0.371832 0.025823 0.007282 0.003909
1 0.233426 0.096246 0.003615 0.006580
1 0.200193 0.010826 0.004938 0.006147
1 0.176841 0.020793 0.005799 0.006221
1 0.357314 0.036445 0.002717 0.007178
1 0.344503 0.031252 0.005884 0.004354
1 0.332053 0.032832 0.006881 0.003972
1 0.320714 0.033645 0.004482 0.005789
1 0.312513 0.095644 0.007701 0.003689
1 0.949317 0.146485 0.006343 0.004452
1 0.952871 0.153806 0.006476 0.004929
1 0.944754 0.257832 0.007282 0.004864
1 0.958716 0.283379 0.008225 0.003828
1 0.959073 0.288942 0.007357 0.004426
1 0.868240 0.295870 0.004622 0.006555
1 0.881135 0.405230 0.005187 0.006845
1 0.919208 0.422170 0.007247 0.004164
1 0.910063 0.443376 0.005537 0.006379
1 0.859765 0.454152 0.007333 0.003731
1 0.868103 0.451707 0.007496 0.003216
1 0.864438 0.434828 0.004617 0.007355
1 0.845778 0.446629 0.007496 0.003158
1 0.842001 0.443989 0.006465 0.003044
1 0.827172 0.438475 0.006355 0.005799
1 0.795569 0.392008 0.007122 0.004421
