1 0.969173 0.146230 0.007175 0.004818
1 0.761114 0.340391 0.007376 0.004448
1 0.775188 0.331541 0.007830 0.004545
1 0.777995 0.320535 0.006924 0.004450
1 0.755638 0.323814 0.008191 0.003828
1 0.872099 0.333554 0.005974 0.006378
1 0.855223 0.325314 0.003206 0.007776
1 0.850603 0.314366 0.002954 0.007941
1 0.841975 0.302702 0.007075 0.004219
1 0.839602 0.299047 0.007420 0.004685
1 0.812480 0.305626 0.004717 0.007145
1 0.951093 0.283575 0.004402 0.007908
1 0.885429 0.309449 0.006264 0.004785
1 0.879697 0.305521 0.007170 0.004665
1 0.877397 0.301295 0.006793 0.004586
1 0.874870 0.291765 0.006943 0.003869
1 0.872607 0.282634 0.005661 0.005063
1 0.427408 0.368476 0.006881 0.004804
1 0.424084 0.398861 0.006334 0.005382
1 0.426039 0.391337 0.006334 0.004887
1 0.414543 0.383483 0.005083 0.005382
1 0.411845 0.419366 0.005474 0.005712
1 0.392999 0.414901 0.007351 0.004885
1 0.404299 0.347805 0.006491 0.006128
1 0.231314 0.351774 0.006959 0.005300
1 0.086632 0.538430 0.007133 0.004871
1 0.043511 0.513774 0.005538 0.006558
1 0.023381 0.511443 0.008446 0.004475
1 0.180850 0.679915 0.007131 0.005069
1 0.179302 0.663246 0.006663 0.005270
1 0.183760 0.638491 0.008070 0.004374
1 0.082269 0.692615 0.009478 0.003483
1 0.093482 0.667017 0.007321 0.005666
1 0.058056 0.681354 0.008165 0.003581
1 0.129565 0.728830 0.008351 0.003483
1 0.139419 0.731806 0.007226 0.004078
1 0.025587 0.735924 0.009103 0.003780
1 0.031921 0.747086 0.008446 0.004475
3 0.101834 0.779779 0.005068 0.005568
1 0.117647 0.799076 0.006476 0.005664
1 0.091418 0.775165 0.004879 0.008641
1 0.054498 0.816819 0.007273 0.005051
1 0.070843 0.872298 0.005553 0.007533
1 0.076272 0.895863 0.005149 0.008359
1 0.133287 0.876599 0.003754 0.008854
1 0.092387 0.883213 0.007038 0.006704
1 0.100989 0.880236 0.005006 0.007864
1 0.118268 0.896277 0.004074 0.008028
1 0.145838 0.858615 0.005866 0.006126
1 0.143332 0.839764 0.008845 0.004473
1 0.156314 0.837370 0.007281 0.005788
1 0.170785 0.954320 0.006648 0.006045
1 0.229750 0.970567 0.008055 0.004803
1 0.238157 0.935468 0.006413 0.005712
1 0.272440 0.758149 0.007168 0.003858
1 0.262827 0.768173 0.007495 0.004066
1 0.273287 0.779507 0.007428 0.005374
1 0.272639 0.792912 0.007435 0.004623
1 0.271984 0.733933 0.006256 0.006139
1 0.246180 0.750500 0.007826 0.003995
1 0.274265 0.746090 0.007170 0.004961
1 0.350805 0.740234 0.006061 0.006614
1 0.345660 0.730725 0.006576 0.006202
1 0.324087 0.710674 0.007756 0.003858
1 0.328029 0.694173 0.004432 0.007785
1 0.284203 0.680427 0.005409 0.007441
1 0.284627 0.673640 0.007430 0.005719
1 0.335068 0.676775 0.006388 0.005788
1 0.332102 0.687324 0.005931 0.006202
1 0.390657 0.696412 0.005344 0.006200
1 0.395804 0.711984 0.006778 0.006477
1 0.385088 0.784255 0.004887 0.008095
1 0.375444 0.783452 0.007665 0.004651
1 0.389132 0.797231 0.006246 0.007177
1 0.371835 0.800935 0.005431 0.007693
1 0.463643 0.810610 0.004942 0.007177
1 0.445693 0.772484 0.007386 0.004651
1 0.430271 0.767403 0.005866 0.005511
1 0.420278 0.746790 0.005648 0.005627
1 0.482510 0.733984 0.006193 0.005159
1 0.400725 0.722733 0.006944 0.005159
1 0.558936 0.771576 0.007625 0.005374
1 0.526710 0.846132 0.007690 0.004485
1 0.536061 0.852712 0.007495 0.004142
1 0.635770 0.934321 0.009123 0.006667
1 0.612310 0.922176 0.005106 0.007527
1 0.524074 0.265085 0.007195 0.004217
1 0.625699 0.188034 0.006021 0.006117
1 0.620186 0.175425 0.006413 0.004878
1 0.628514 0.189936 0.006646 0.003639
1 0.624252 0.211433 0.003754 0.007607
1 0.620616 0.223339 0.006959 0.004630
1 0.625308 0.235411 0.005864 0.005456
1 0.620889 0.234956 0.004849 0.007029
1 0.633715 0.252361 0.004066 0.007936
1 0.663627 0.282581 0.006961 0.003886
1 0.694048 0.279893 0.005239 0.006946
1 0.253384 0.982691 0.004254 0.004783
1 0.230968 0.958839 0.005024 0.007466
1 0.229724 0.952259 0.003982 0.007511
1 0.234832 0.927946 0.008171 0.003932
1 0.249042 0.925688 0.007098 0.004292
1 0.271630 0.895840 0.006981 0.004704
1 0.268236 0.891992 0.007358 0.004425
1 0.277269 0.883937 0.005963 0.005862
1 0.271312 0.874685 0.007015 0.004110
1 0.266484 0.880867 0.005204 0.006020
1 0.266089 0.888383 0.006148 0.005663
1 0.256019 0.887904 0.006524 0.004466
1 0.251454 0.870400 0.004717 0.008213
1 0.221919 0.849407 0.006788 0.005423
1 0.210597 0.783302 0.007115 0.005226
1 0.210569 0.789073 0.004779 0.007349
1 0.178888 0.784352 0.004111 0.008095
1 0.175039 0.801968 0.007608 0.003685
1 0.175539 0.807637 0.008508 0.004210
1 0.170830 0.815843 0.006611 0.006364
1 0.209391 0.828294 0.007196 0.004642
1 0.003738 0.960734 0.005506 0.006738
1 0.036609 0.973017 0.004111 0.008809
1 0.044877 0.961093 0.005279 0.007057
3 0.043990 0.942867 0.004652 0.004917
3 0.042888 0.944645 0.004026 0.004686
1 0.093493 0.967465 0.007053 0.004387
1 0.098467 0.973853 0.006789 0.004505
1 0.160868 0.920071 0.005689 0.006251
1 0.127511 0.864673 0.006431 0.006459
1 0.125112 0.855343 0.005436 0.007704
1 0.146450 0.844502 0.007743 0.004598
1 0.146609 0.849625 0.006069 0.004977
1 0.018491 0.783482 0.006426 0.004263
1 0.016137 0.793864 0.006969 0.004358
1 0.016929 0.777525 0.007648 0.004024
1 0.029375 0.770825 0.007558 0.004311
3 0.043546 0.794948 0.004434 0.004922
1 0.111079 0.731368 0.006748 0.005312
1 0.135405 0.757950 0.008140 0.003722
1 0.149027 0.752400 0.007986 0.003521
1 0.170775 0.758964 0.008175 0.003821
1 0.264978 0.728834 0.007583 0.002994
1 0.265712 0.774030 0.005206 0.005941
1 0.252361 0.771517 0.007466 0.003948
1 0.244347 0.773650 0.005469 0.006380
1 0.239895 0.772355 0.005094 0.006260
1 0.237010 0.767789 0.004982 0.005663
1 0.216375 0.759098 0.003669 0.007258
1 0.201554 0.737422 0.008611 0.003754
1 0.226147 0.740844 0.004306 0.007342
1 0.203236 0.727131 0.007008 0.004121
1 0.255963 0.720917 0.006156 0.005360
1 0.240307 0.717831 0.005344 0.005885
1 0.281945 0.696958 0.004937 0.006881
1 0.314954 0.661449 0.006194 0.004818
1 0.317885 0.685180 0.006298 0.004984
1 0.318922 0.666100 0.005733 0.005344
1 0.316827 0.723787 0.006079 0.005345
1 0.338516 0.731749 0.002925 0.008109
1 0.334430 0.728725 0.004436 0.005649
1 0.369910 0.754404 0.007008 0.005418
1 0.397610 0.763481 0.006648 0.004892
1 0.400694 0.783117 0.005963 0.006977
1 0.393491 0.778831 0.006491 0.004704
1 0.403522 0.789517 0.005811 0.005742
1 0.406899 0.792786 0.005694 0.005821
1 0.417855 0.795776 0.004149 0.007735
1 0.427263 0.798827 0.006981 0.003946
1 0.431149 0.801379 0.005016 0.006498
1 0.435409 0.805286 0.004341 0.007855
1 0.441293 0.812922 0.005323 0.005661
1 0.447496 0.815075 0.005434 0.006459
1 0.448159 0.804549 0.003809 0.009330
1 0.436447 0.792267 0.005359 0.006699
1 0.420682 0.774723 0.005434 0.006620
1 0.415157 0.764277 0.005246 0.006061
1 0.430038 0.746825 0.005468 0.006213
1 0.467509 0.752717 0.003319 0.008613
1 0.501825 0.728155 0.004487 0.008054
1 0.618261 0.620705 0.003314 0.007751
1 0.619076 0.627309 0.006463 0.004995
1 0.616388 0.638938 0.007168 0.004485
1 0.573396 0.681888 0.007468 0.004258
1 0.637076 0.687469 0.005941 0.006613
1 0.648987 0.695976 0.006066 0.006680
1 0.681460 0.705051 0.006341 0.005407
1 0.725696 0.753492 0.006518 0.008183
1 0.786300 0.992643 0.005703 0.006717
1 0.834158 0.993457 0.005123 0.006413
1 0.876921 0.925170 0.005374 0.005948
1 0.877707 0.918345 0.006946 0.006680
1 0.818221 0.666542 0.006354 0.007293
1 0.838831 0.648886 0.006624 0.006891
1 0.658019 0.562139 0.004242 0.007866
1 0.674949 0.533546 0.004717 0.007480
1 0.694893 0.532504 0.007306 0.004069
1 0.753342 0.515910 0.006151 0.005303
1 0.717721 0.515851 0.006188 0.005104
1 0.720008 0.482319 0.005343 0.005883
1 0.723717 0.486524 0.007291 0.004320
1 0.738190 0.479395 0.007135 0.004087
1 0.711122 0.432038 0.007495 0.004200
1 0.724889 0.434392 0.007331 0.003394
1 0.725378 0.439704 0.004181 0.007011
1 0.740284 0.453857 0.007603 0.003509
1 0.741127 0.457934 0.005378 0.005804
1 0.765155 0.460606 0.004459 0.007466
1 0.764748 0.445186 0.007120 0.003738
1 0.775748 0.426095 0.006518 0.004714
1 0.711004 0.145573 0.005438 0.007078
1 0.713471 0.146836 0.006474 0.005550
1 0.745940 0.176866 0.004246 0.008609
1 0.791519 0.359331 0.007260 0.003925
1 0.788403 0.346111 0.006471 0.005360
1 0.913644 0.059705 0.005604 0.007027
1 0.935410 0.054468 0.005866 0.006063
1 0.879332 0.067732 0.005409 0.005167
1 0.884611 0.024488 0.004227 0.006301
1 0.993784 0.087341 0.004137 0.007117
1 0.952074 0.101241 0.006001 0.005382
1 0.775823 0.336493 0.006381 0.005167
1 0.921534 0.109527 0.005404 0.005317
1 0.832872 0.103297 0.007638 0.003823
1 0.829007 0.125310 0.007261 0.004254
1 0.869903 0.175765 0.004077 0.007776
1 0.877527 0.181761 0.003739 0.008097
1 0.890489 0.181692 0.005539 0.005858
1 0.912538 0.177645 0.005323 0.006833
1 0.921444 0.179912 0.005648 0.006662
1 0.929398 0.195390 0.005054 0.006480
1 0.930758 0.200705 0.004874 0.006119
1 0.989721 0.199226 0.004336 0.007896
1 0.995529 0.203971 0.002904 0.006778
1 0.874013 0.231242 0.007106 0.004387
1 0.875835 0.233867 0.005346 0.006246
1 0.909214 0.236292 0.007543 0.004237
1 0.951750 0.253205 0.004561 0.006346
1 0.988478 0.277850 0.004211 0.007011
1 0.985351 0.278415 0.004684 0.006879
1 0.771717 0.237428 0.006788 0.005215
1 0.758432 0.248648 0.006206 0.005263
1 0.747322 0.248768 0.006973 0.004928
1 0.746326 0.234198 0.005798 0.005072
1 0.768741 0.261278 0.007128 0.004984
1 0.783375 0.256592 0.005769 0.006618
1 0.790032 0.263171 0.004601 0.007256
1 0.793629 0.266242 0.003274 0.008853
1 0.799969 0.265962 0.003282 0.008534
1 0.402915 0.364353 0.007350 0.004547
1 0.430888 0.361365 0.005709 0.005962
1 0.828501 0.265010 0.006076 0.005462
1 0.804082 0.265109 0.005813 0.004864
1 0.834573 0.275596 0.006603 0.004466
1 0.831726 0.283291 0.006943 0.005582
1 0.859709 0.264910 0.008300 0.003271
1 0.869024 0.271150 0.006943 0.004186
1 0.182391 0.419668 0.006523 0.005402
11 0.933870 0.490618 0.006839 0.007619
11 0.328225 0.033166 0.005824 0.005046
11 0.322496 0.021250 0.004509 0.004237
11 0.332013 0.022404 0.006136 0.006031
1 0.374162 0.747504 0.004956 0.007889
1 0.434637 0.735010 0.004022 0.008000
1 0.439362 0.732662 0.006784 0.005522
1 0.533246 0.684811 0.006299 0.006022
1 0.566104 0.664620 0.004221 0.007080
1 0.503726 0.345971 0.006626 0.004910
1 0.627680 0.389760 0.005509 0.007222
1 0.620136 0.376686 0.005573 0.006096
1 0.586606 0.359408 0.005134 0.006627
1 0.618709 0.328426 0.006729 0.004970
1 0.312328 0.904434 0.004136 0.007931
1 0.072675 0.773228 0.006956 0.004274
1 0.018786 0.654415 0.005826 0.005287
1 0.438822 0.015376 0.004562 0.006512
1 0.507189 0.023725 0.004276 0.007820
1 0.514847 0.035279 0.004569 0.007355
1 0.502411 0.095070 0.003609 0.007355
1 0.497499 0.109022 0.004739 0.006665
1 0.437974 0.196282 0.006223 0.005049
1 0.442390 0.201198 0.005626 0.005585
1 0.446994 0.211881 0.005973 0.005552
1 0.443254 0.224061 0.003961 0.008040
1 0.435978 0.234826 0.006129 0.005515
1 0.444495 0.239744 0.004242 0.008107
1 0.533431 0.300010 0.006034 0.006280
1 0.452258 0.267442 0.006336 0.004944
1 0.496760 0.301414 0.003779 0.007735
1 0.496832 0.292303 0.005356 0.006817
1 0.462135 0.302622 0.006788 0.004221
1 0.482815 0.308853 0.007795 0.004917
1 0.486461 0.310264 0.004651 0.007409
1 0.488651 0.344053 0.007543 0.003322
1 0.396221 0.316383 0.007725 0.003738
1 0.387462 0.320204 0.007960 0.003019
1 0.410979 0.329030 0.007766 0.003491
1 0.282761 0.279850 0.008146 0.004226
1 0.289493 0.304274 0.005921 0.006260
1 0.204324 0.308673 0.006508 0.004885
1 0.220110 0.347445 0.005321 0.006459
1 0.214531 0.331946 0.007655 0.003669
1 0.491936 0.128720 0.006259 0.006026
1 0.490995 0.134902 0.007018 0.004905
1 0.474740 0.174494 0.004222 0.007621
1 0.491033 0.169570 0.006333 0.006465
1 0.474687 0.182449 0.005016 0.006463
1 0.608275 0.143194 0.004344 0.007924
1 0.622513 0.122986 0.006453 0.004822
1 0.625249 0.100838 0.007618 0.004387
1 0.951323 0.413993 0.006386 0.005360
1 0.959651 0.411935 0.006566 0.005167
1 0.850937 0.427889 0.004211 0.007476
1 0.354967 0.609951 0.006379 0.004688
1 0.389027 0.600236 0.007620 0.004505
1 0.400096 0.595271 0.006599 0.004706
1 0.410751 0.589491 0.006939 0.004864
1 0.389057 0.572511 0.007355 0.004884
1 0.418225 0.553742 0.005921 0.005985
1 0.392863 0.558526 0.006259 0.004549
1 0.446434 0.550731 0.006788 0.004908
1 0.436026 0.533865 0.004301 0.006503
1 0.432481 0.542697 0.006563 0.005189
1 0.393731 0.510363 0.005808 0.006503
1 0.396924 0.479686 0.005658 0.006620
1 0.422852 0.480702 0.007355 0.004665
1 0.431998 0.463238 0.006939 0.005464
1 0.434336 0.468123 0.005431 0.005502
1 0.438964 0.498285 0.007393 0.004670
1 0.435494 0.505619 0.007318 0.004507
1 0.427500 0.513557 0.007015 0.005386
1 0.419805 0.524799 0.007391 0.004265
1 0.438905 0.516547 0.007735 0.003793
1 0.029727 0.250182 0.007740 0.004216
1 0.046518 0.271809 0.008555 0.003449
1 0.077966 0.449410 0.008258 0.003948
1 0.079079 0.452303 0.006186 0.005585
1 0.116045 0.460794 0.005769 0.006459
1 0.124883 0.455730 0.004159 0.008054
1 0.285330 0.543386 0.005393 0.005746
1 0.282123 0.540995 0.007133 0.004785
1 0.279579 0.539259 0.007393 0.004510
1 0.307108 0.564247 0.006518 0.004975
1 0.301451 0.575803 0.006879 0.004640
1 0.316589 0.582625 0.005839 0.005846
1 0.339557 0.589343 0.006698 0.005694
1 0.262806 0.626077 0.006789 0.005693
1 0.303964 0.620597 0.006298 0.004988
1 0.318861 0.612383 0.005771 0.005865
1 0.300001 0.635570 0.007280 0.005508
1 0.345161 0.628253 0.008705 0.002890
1 0.357606 0.631992 0.007638 0.003322
1 0.398010 0.614049 0.007228 0.005293
1 0.388856 0.632567 0.003719 0.007919
1 0.395520 0.638005 0.006289 0.004163
1 0.400182 0.647049 0.005748 0.006554
1 0.512241 0.620434 0.005883 0.006343
1 0.507790 0.651237 0.006939 0.006623
1 0.492690 0.852314 0.006694 0.005118
1 0.566134 0.838801 0.005091 0.007376
1 0.601880 0.909307 0.006191 0.007011
1 0.518107 0.910886 0.006446 0.005085
1 0.366850 0.924909 0.005296 0.007274
1 0.391665 0.985923 0.005134 0.004425
1 0.382879 0.979204 0.005661 0.005821
1 0.353952 0.956157 0.004681 0.006061
1 0.345418 0.979984 0.007983 0.003359
1 0.326090 0.967474 0.007416 0.004388
1 0.298723 0.952830 0.005154 0.005183
1 0.302007 0.940817 0.003301 0.006879
1 0.293712 0.922370 0.007698 0.003075
1 0.289980 0.918283 0.004601 0.007978
1 0.277151 0.835228 0.006914 0.003157
1 0.275753 0.830508 0.008265 0.003093
1 0.289079 0.790244 0.004866 0.006343
