4 0.994004 0.118726 0.007483 0.009426
1 0.854152 0.116108 0.006564 0.005746
1 0.848893 0.113440 0.005433 0.005379
1 0.835896 0.106407 0.003955 0.004367
1 0.806794 0.136357 0.006432 0.005517
1 0.801534 0.137438 0.005390 0.004920
1 0.780215 0.151176 0.003803 0.003987
1 0.780596 0.154872 0.005071 0.004639
1 0.735450 0.057894 0.007426 0.005211
1 0.832896 0.213589 0.004867 0.005654
1 0.829680 0.209176 0.005737 0.005654
1 0.777773 0.226994 0.006917 0.006022
1 0.779576 0.229706 0.006177 0.006481
1 0.742239 0.207659 0.005433 0.006389
1 0.710889 0.201746 0.005786 0.004920
1 0.709487 0.252505 0.005545 0.005402
1 0.707534 0.250801 0.005614 0.006054
1 0.765628 0.290596 0.005253 0.005976
1 0.766444 0.291918 0.005796 0.005554
1 0.970920 0.287559 0.007099 0.006359
1 0.968149 0.284819 0.006267 0.005172
1 0.080073 0.382615 0.005073 0.007661
1 0.076563 0.381773 0.007353 0.007509
4 0.434711 0.053259 0.008707 0.009804
4 0.605304 0.360782 0.008270 0.009611
4 0.693422 0.381628 0.009576 0.011254
4 0.384240 0.275661 0.010915 0.011343
1 0.239815 0.429340 0.006624 0.006184
1 0.187704 0.409066 0.006937 0.005909
1 0.340370 0.205023 0.007331 0.005361
1 0.350980 0.199397 0.005764 0.005891
1 0.353265 0.193008 0.004575 0.007016
1 0.278949 0.204511 0.007361 0.007559
1 0.415743 0.156812 0.008079 0.003945
1 0.413335 0.150626 0.007535 0.005746
1 0.397523 0.122143 0.007570 0.004752
1 0.207020 0.090439 0.004486 0.005407
1 0.202561 0.101031 0.004433 0.005517
1 0.549218 0.033249 0.007256 0.004966
1 0.587975 0.036615 0.007568 0.005185
1 0.665773 0.044849 0.005884 0.005759
1 0.663127 0.067812 0.006157 0.005842
1 0.665256 0.073846 0.006735 0.006098
1 0.669631 0.086893 0.006260 0.006455
1 0.713131 0.070883 0.005794 0.004579
1 0.594764 0.197279 0.005482 0.006114
1 0.433929 0.324770 0.005129 0.006481
1 0.379471 0.383991 0.008032 0.006234
1 0.352844 0.355836 0.004951 0.007349
1 0.352032 0.352262 0.005577 0.006156
1 0.342669 0.314275 0.006391 0.004780
1 0.344603 0.308506 0.004520 0.006850
1 0.336289 0.281847 0.006993 0.005824
1 0.230912 0.255951 0.004757 0.006119
1 0.229125 0.249073 0.006467 0.005188
4 0.173113 0.767226 0.009314 0.012353
1 0.605503 0.833749 0.006573 0.005792
1 0.685517 0.801773 0.006775 0.005556
1 0.789099 0.869071 0.005076 0.006359
1 0.638605 0.702797 0.005873 0.006704
1 0.638171 0.699062 0.007032 0.006130
1 0.636922 0.692224 0.005619 0.006628
1 0.629278 0.680042 0.006705 0.006396
1 0.808272 0.483914 0.005781 0.006252
1 0.690286 0.551347 0.006833 0.005683
1 0.701377 0.429538 0.004785 0.006297
1 0.699226 0.428021 0.005697 0.005563
1 0.491681 0.495072 0.005447 0.006621
1 0.486489 0.489201 0.005452 0.008474
1 0.484673 0.487049 0.005201 0.006156
1 0.477100 0.487281 0.004825 0.005428
1 0.435650 0.532309 0.005327 0.006486
1 0.435119 0.528072 0.006516 0.004503
1 0.468713 0.420077 0.006823 0.005287
1 0.430770 0.415508 0.007997 0.004872
1 0.514205 0.106362 0.005928 0.006315
1 0.558353 0.083620 0.006912 0.006545
4 0.531625 0.110893 0.006401 0.007644
4 0.733665 0.926918 0.008204 0.008820
6 0.803057 0.992925 0.011391 0.007260
4 0.032312 0.477495 0.006965 0.008196
4 0.128353 0.519228 0.006865 0.008461
4 0.521505 0.476585 0.006798 0.005635
4 0.972123 0.034791 0.007817 0.006872
11 0.904505 0.884126 0.005088 0.004112
1 0.546293 0.196564 0.007004 0.005741
1 0.701407 0.034656 0.008370 0.004066
1 0.280774 0.064801 0.006953 0.004925
1 0.730638 0.022198 0.007406 0.005764
2 0.954946 0.794846 0.005966 0.005573
1 0.918235 0.717588 0.006561 0.006986
1 0.961695 0.673600 0.006922 0.007751
0 0.977525 0.060001 0.005018 0.005856
3 0.977987 0.065513 0.005539 0.005236
2 0.495610 0.159046 0.007212 0.006935
4 0.942667 0.349691 0.009571 0.008938
4 0.899382 0.305962 0.009521 0.007719
4 0.915255 0.436231 0.007206 0.007810
6 0.871964 0.917760 0.010105 0.008956
4 0.564654 0.302366 0.007144 0.008905
4 0.623025 0.047253 0.007700 0.006395
4 0.232504 0.409945 0.008619 0.006112
4 0.552881 0.365554 0.006147 0.007137
4 0.283030 0.232768 0.007383 0.007772
4 0.285894 0.315506 0.005696 0.009652
4 0.836664 0.037537 0.007199 0.008799
4 0.986037 0.233615 0.005878 0.007315
