1 0.215434 0.629464 0.005710 0.004360
1 0.355055 0.948464 0.003501 0.003629
1 0.403603 0.907792 0.004554 0.003877
1 0.441933 0.829198 0.003612 0.004120
1 0.440207 0.824331 0.003487 0.003622
1 0.286175 0.747026 0.004027 0.004019
1 0.170693 0.746750 0.004632 0.004945
1 0.003741 0.900918 0.003544 0.004546
3 0.336031 0.829582 0.004745 0.004502
1 0.419538 0.695330 0.003804 0.003189
1 0.413513 0.708508 0.003954 0.003229
11 0.805735 0.671939 0.010035 0.014892
1 0.137477 0.633553 0.004440 0.003728
1 0.160726 0.680174 0.006074 0.005144
1 0.084797 0.774838 0.005016 0.005311
1 0.031355 0.877815 0.005368 0.005127
1 0.480115 0.573946 0.005500 0.004504
1 0.866643 0.781149 0.004488 0.005582
1 0.410389 0.684450 0.004581 0.005087
1 0.479448 0.697270 0.004649 0.005183
1 0.540128 0.758670 0.003662 0.005566
1 0.547609 0.795592 0.004670 0.004346
1 0.450145 0.855857 0.004411 0.005223
1 0.277518 0.899856 0.005206 0.005566
1 0.343688 0.662242 0.005469 0.004180
1 0.345834 0.668237 0.004579 0.003599
1 0.348238 0.684703 0.004239 0.004520
3 0.043089 0.548810 0.004029 0.003903
1 0.132785 0.528531 0.004558 0.004346
1 0.110041 0.854681 0.005079 0.004383
1 0.151115 0.756710 0.005103 0.004749
1 0.208035 0.769726 0.005348 0.004665
1 0.144532 0.670270 0.005950 0.005307
1 0.309027 0.707880 0.004141 0.003455
1 0.310759 0.681529 0.004335 0.004665
1 0.352767 0.663370 0.004262 0.004348
1 0.379192 0.672869 0.004475 0.005363
3 0.733704 0.937719 0.003860 0.003987
1 0.399270 0.674854 0.003814 0.004085
1 0.405153 0.674615 0.004335 0.004553
1 0.416961 0.820948 0.003923 0.004619
1 0.415841 0.793658 0.004368 0.004943
1 0.446532 0.780548 0.004029 0.003270
1 0.451785 0.784116 0.004444 0.003391
1 0.429495 0.770458 0.004293 0.004350
1 0.402848 0.769512 0.004300 0.004950
1 0.374171 0.753525 0.004407 0.004425
1 0.321791 0.731595 0.004204 0.004353
1 0.269928 0.726887 0.004750 0.003541
1 0.267236 0.774688 0.004285 0.004824
1 0.342425 0.775641 0.004751 0.004609
1 0.356996 0.781480 0.004295 0.004409
1 0.255260 0.792760 0.004885 0.004019
1 0.487336 0.588691 0.005054 0.004684
1 0.488196 0.544508 0.005422 0.003972
1 0.436521 0.482013 0.005196 0.005024
1 0.413142 0.478615 0.005335 0.004653
1 0.396000 0.488643 0.004518 0.004054
1 0.378487 0.509957 0.005497 0.004546
1 0.393776 0.511054 0.004444 0.004428
1 0.400347 0.527003 0.005009 0.004506
1 0.405281 0.546521 0.004558 0.004147
1 0.682625 0.887541 0.003994 0.003987
1 0.479299 0.956016 0.004444 0.004905
1 0.415575 0.834650 0.004022 0.004024
1 0.421428 0.843812 0.004158 0.004358
1 0.295310 0.853054 0.004202 0.005073
1 0.327119 0.908494 0.003804 0.004465
1 0.333329 0.906461 0.003690 0.003907
1 0.325260 0.930429 0.003992 0.004026
1 0.273923 0.922208 0.003703 0.004353
1 0.274264 0.894088 0.003923 0.004721
1 0.136662 0.931145 0.003954 0.003592
1 0.208302 0.943613 0.004669 0.004471
1 0.168024 0.951171 0.005690 0.004187
1 0.088783 0.650431 0.005836 0.003436
1 0.057109 0.631681 0.005505 0.004409
1 0.057095 0.616453 0.005044 0.004714
