1 0.808064 0.181768 0.005214 0.005916
1 0.823448 0.166896 0.005290 0.005523
1 0.837023 0.141745 0.005928 0.006012
1 0.837152 0.129806 0.004887 0.006240
1 0.829629 0.122928 0.005461 0.006091
1 0.814233 0.137462 0.005066 0.005560
1 0.813371 0.126866 0.005210 0.007423
1 0.798963 0.120779 0.006431 0.004835
1 0.794884 0.100309 0.005103 0.004456
1 0.849648 0.101390 0.005002 0.006437
1 0.848462 0.081187 0.004872 0.005753
1 0.829064 0.041051 0.005434 0.005804
1 0.703139 0.023599 0.004962 0.006240
1 0.651332 0.044750 0.006256 0.005289
1 0.644757 0.029949 0.004962 0.005821
1 0.633998 0.030519 0.005355 0.006049
1 0.621423 0.028541 0.005282 0.005363
1 0.581255 0.044503 0.005214 0.005784
1 0.555176 0.071688 0.006180 0.004604
1 0.553140 0.132759 0.005416 0.005654
1 0.565990 0.128083 0.005916 0.005602
1 0.593038 0.208017 0.005101 0.005823
1 0.572580 0.166708 0.004916 0.005251
1 0.570102 0.176592 0.004786 0.005661
1 0.563225 0.190564 0.005088 0.005479
1 0.555745 0.181797 0.004614 0.005023
1 0.542096 0.187778 0.004748 0.004567
1 0.532589 0.184262 0.004359 0.004658
1 0.513197 0.171552 0.005434 0.004977
1 0.448302 0.149289 0.004834 0.005388
1 0.445876 0.143906 0.004785 0.004658
1 0.454195 0.137963 0.006054 0.005807
1 0.438441 0.124375 0.007760 0.006684
1 0.410017 0.059162 0.005277 0.009402
1 0.396572 0.058504 0.005593 0.006377
1 0.403868 0.042462 0.005780 0.005851
1 0.263865 0.032468 0.006518 0.005653
1 0.274948 0.015864 0.006831 0.005465
1 0.273395 0.023691 0.005837 0.005063
1 0.271502 0.029214 0.006890 0.005982
1 0.262841 0.051009 0.005215 0.004996
1 0.258371 0.062252 0.005340 0.005784
1 0.288786 0.092722 0.005028 0.004939
1 0.296641 0.101597 0.006208 0.005068
1 0.301825 0.113235 0.005403 0.005463
1 0.305768 0.118399 0.006208 0.005798
1 0.308748 0.123557 0.005961 0.004412
1 0.317409 0.129573 0.005278 0.004346
1 0.329826 0.146572 0.006146 0.005982
1 0.322630 0.167677 0.004843 0.005523
1 0.329584 0.173167 0.005835 0.005326
1 0.307295 0.165868 0.005215 0.005193
1 0.339611 0.157749 0.005649 0.004733
1 0.350849 0.173430 0.006768 0.004800
1 0.930531 0.294137 0.004790 0.006758
1 0.927665 0.284755 0.005605 0.005798
1 0.918309 0.281011 0.005949 0.005891
1 0.876784 0.249275 0.004397 0.006072
1 0.892328 0.261076 0.004612 0.005296
1 0.853106 0.231713 0.004985 0.005767
1 0.840846 0.236719 0.005661 0.007260
1 0.828925 0.227331 0.004619 0.005837
1 0.881041 0.224925 0.005290 0.006389
1 0.893781 0.198573 0.004694 0.006075
1 0.829223 0.210447 0.004768 0.005207
1 0.822145 0.201650 0.003873 0.005444
1 0.788988 0.224728 0.004463 0.005207
1 0.892214 0.710720 0.006317 0.006026
1 0.893193 0.759560 0.006587 0.005982
1 0.886828 0.765378 0.006277 0.005391
1 0.818574 0.669119 0.005401 0.005982
1 0.846667 0.641078 0.006582 0.006051
1 0.860128 0.632012 0.005215 0.005681
1 0.786793 0.657211 0.004843 0.006628
1 0.774389 0.663641 0.005514 0.005918
1 0.762951 0.665021 0.004843 0.005049
1 0.782621 0.701235 0.006034 0.005996
1 0.781988 0.673267 0.004768 0.007021
1 0.788656 0.719223 0.004843 0.006786
1 0.797559 0.739145 0.006257 0.005128
1 0.803295 0.753539 0.005663 0.005058
1 0.816296 0.768178 0.004992 0.006075
1 0.944761 0.786825 0.005159 0.006311
1 0.942064 0.770417 0.005964 0.004223
3 0.056210 0.760481 0.004240 0.004418
1 0.509447 0.664545 0.005484 0.005753
1 0.559562 0.118847 0.005071 0.004439
1 0.900286 0.475818 0.006214 0.003998
1 0.910685 0.396258 0.005651 0.006509
1 0.905514 0.473929 0.006519 0.005479
1 0.917259 0.475354 0.006208 0.005040
1 0.911917 0.415605 0.006885 0.005151
1 0.947645 0.426152 0.004862 0.007177
1 0.920361 0.460725 0.006524 0.005807
1 0.959834 0.230020 0.004828 0.007300
1 0.878968 0.145475 0.004917 0.005974
1 0.869357 0.149735 0.005007 0.007109
1 0.871056 0.131466 0.007152 0.005981
1 0.849062 0.114710 0.005007 0.007479
1 0.900247 0.096623 0.005096 0.008056
1 0.869626 0.060504 0.005722 0.005879
1 0.949152 0.074232 0.005454 0.005691
1 0.941775 0.070682 0.005363 0.005405
1 0.948033 0.051940 0.005543 0.006912
1 0.977224 0.047726 0.005989 0.005109
1 0.973559 0.062539 0.005812 0.006732
1 0.965646 0.070634 0.005543 0.006447
1 0.979639 0.078165 0.005096 0.006154
1 0.357027 0.688074 0.004114 0.004323
1 0.514702 0.755431 0.005835 0.006377
11 0.132367 0.070785 0.015154 0.011493
11 0.942874 0.181104 0.018270 0.011419
11 0.948223 0.166143 0.025688 0.015546
11 0.960481 0.176561 0.011947 0.010749
11 0.631126 0.182986 0.010253 0.012523
1 0.537415 0.130079 0.005283 0.005533
1 0.869308 0.486367 0.007341 0.004165
1 0.834027 0.531169 0.004959 0.005254
1 0.830765 0.550699 0.004962 0.005570
1 0.809262 0.552006 0.006079 0.005040
1 0.718023 0.500684 0.004399 0.005540
1 0.708037 0.466142 0.004606 0.005260
1 0.742233 0.443899 0.005437 0.004493
1 0.767389 0.340692 0.007263 0.005121
1 0.761287 0.367989 0.005381 0.005918
11 0.864679 0.473532 0.007066 0.010046
11 0.485156 0.165579 0.008648 0.008947
11 0.588030 0.119482 0.010785 0.013140
11 0.616728 0.160566 0.021282 0.020605
1 0.767314 0.370975 0.004708 0.005314
1 0.794056 0.320474 0.006436 0.005453
1 0.868004 0.343011 0.006156 0.004930
1 0.834902 0.374962 0.006829 0.004865
1 0.843936 0.378052 0.006148 0.004865
3 0.628375 0.768742 0.016690 0.012551
1 0.301730 0.614922 0.005277 0.006026
1 0.921600 0.097383 0.004284 0.007107
1 0.912908 0.119113 0.004655 0.006121
1 0.679608 0.024316 0.007235 0.005049
1 0.642136 0.018355 0.005290 0.005451
1 0.626863 0.017409 0.005886 0.004663
1 0.566991 0.069836 0.004919 0.004749
1 0.575272 0.062647 0.006938 0.005782
1 0.464235 0.092139 0.004097 0.006528
1 0.172109 0.130736 0.004814 0.006282
1 0.186625 0.132143 0.005533 0.005293
1 0.177049 0.134293 0.004205 0.005407
3 0.108841 0.113836 0.006768 0.006444
1 0.123938 0.021168 0.006110 0.007495
1 0.113806 0.026020 0.005514 0.008679
3 0.023729 0.230428 0.005968 0.005793
3 0.023450 0.242329 0.005283 0.005398
1 0.060673 0.355248 0.006085 0.005465
1 0.086915 0.484352 0.005225 0.005156
1 0.094625 0.484051 0.005330 0.005211
3 0.085392 0.724172 0.004919 0.005575
3 0.085456 0.734308 0.004531 0.004661
1 0.475246 0.758160 0.006271 0.004867
3 0.484528 0.748889 0.006083 0.006049
1 0.525852 0.797111 0.006208 0.007500
1 0.463983 0.821866 0.006395 0.008619
1 0.537587 0.819334 0.006705 0.006581
1 0.542825 0.733772 0.005868 0.005618
1 0.549021 0.638150 0.005961 0.006468
1 0.493363 0.613691 0.006266 0.005365
1 0.462820 0.591743 0.004768 0.008205
1 0.606277 0.665720 0.004399 0.005704
1 0.524147 0.694570 0.006514 0.006758
1 0.528568 0.709863 0.005432 0.006123
1 0.584857 0.795697 0.003259 0.007286
1 0.592669 0.778796 0.006985 0.007012
1 0.596628 0.769591 0.005277 0.006575
1 0.621146 0.715939 0.004995 0.006279
1 0.692444 0.771382 0.004781 0.006114
1 0.733337 0.832699 0.006417 0.004826
1 0.729146 0.823032 0.006622 0.005642
1 0.739253 0.845896 0.006902 0.004946
1 0.751999 0.873497 0.007222 0.005977
1 0.726246 0.889643 0.007800 0.005935
1 0.766205 0.925850 0.005734 0.007812
1 0.773037 0.941969 0.006040 0.005981
1 0.726808 0.961846 0.005827 0.008295
1 0.603169 0.985559 0.006514 0.005844
1 0.520178 0.968875 0.005535 0.005479
1 0.497956 0.972217 0.005070 0.005588
1 0.549022 0.944219 0.006519 0.005589
1 0.544676 0.943123 0.005588 0.007670
1 0.708111 0.457158 0.004248 0.005260
1 0.615134 0.923264 0.005480 0.005205
1 0.612029 0.917146 0.006170 0.004656
1 0.618210 0.942784 0.004959 0.005442
1 0.629726 0.943298 0.005714 0.005782
1 0.611477 0.910597 0.004491 0.006374
1 0.560911 0.945425 0.005457 0.004946
3 0.451977 0.934696 0.005519 0.005525
1 0.354809 0.860083 0.006612 0.005289
1 0.360917 0.854928 0.006539 0.004642
1 0.354719 0.846841 0.004995 0.004760
1 0.345000 0.851103 0.004457 0.006816
1 0.410517 0.827774 0.007969 0.004828
1 0.422908 0.820925 0.004604 0.007237
1 0.429971 0.832732 0.005900 0.006854
1 0.440319 0.844076 0.004448 0.006630
1 0.414109 0.787925 0.005510 0.005200
1 0.389946 0.799467 0.005389 0.005326
1 0.378379 0.788492 0.005343 0.005865
1 0.290584 0.864959 0.008077 0.006970
11 0.801143 0.473281 0.012127 0.023789
11 0.764227 0.426369 0.022971 0.022318
11 0.934429 0.195544 0.018517 0.014526
11 0.539462 0.078315 0.009380 0.008560
11 0.130832 0.082754 0.019185 0.012211
11 0.146074 0.127401 0.015540 0.013854
11 0.088294 0.214816 0.023704 0.015351
3 0.489576 0.094764 0.004679 0.004928
3 0.479334 0.088757 0.006872 0.006356
1 0.989920 0.084082 0.005096 0.004923
1 0.979684 0.034941 0.005186 0.005689
1 0.957198 0.031154 0.005989 0.006825
1 0.985583 0.027746 0.005364 0.006068
1 0.925845 0.453434 0.006627 0.004170
1 0.952180 0.460423 0.005282 0.004656
1 0.955586 0.462028 0.004708 0.004930
1 0.966547 0.270539 0.005247 0.006281
1 0.960510 0.277751 0.005245 0.006849
1 0.953808 0.287719 0.005141 0.006088
1 0.934693 0.303429 0.005260 0.005707
3 0.943406 0.661185 0.005500 0.005177
3 0.933816 0.677872 0.004700 0.004396
1 0.196478 0.632119 0.005726 0.004691
1 0.693668 0.280595 0.006647 0.004989
1 0.660251 0.273087 0.004481 0.005616
1 0.548616 0.129461 0.005926 0.004532
11 0.725026 0.362449 0.010671 0.006684
11 0.527972 0.082481 0.004957 0.004719
1 0.285372 0.834781 0.006085 0.007495
1 0.261279 0.839252 0.006339 0.007363
1 0.242501 0.849804 0.005525 0.008219
1 0.010948 0.960237 0.005070 0.007730
1 0.108923 0.452689 0.005245 0.005939
1 0.115642 0.456184 0.004601 0.005246
1 0.136052 0.439047 0.005639 0.004881
1 0.115804 0.413920 0.005030 0.005075
1 0.031120 0.405786 0.005951 0.006579
1 0.246088 0.375036 0.005098 0.005019
1 0.295918 0.383383 0.004851 0.004728
1 0.308043 0.387346 0.005749 0.004918
3 0.356554 0.376286 0.006991 0.006214
1 0.359705 0.361425 0.004828 0.005530
1 0.372920 0.355101 0.004700 0.005026
1 0.325866 0.331602 0.005182 0.005263
1 0.313592 0.324246 0.006259 0.005326
1 0.263641 0.320185 0.005121 0.006574
1 0.395097 0.260415 0.006128 0.005160
1 0.376977 0.280230 0.006168 0.005207
1 0.347861 0.240348 0.004483 0.004658
1 0.344714 0.229778 0.004399 0.004886
1 0.312076 0.239452 0.006209 0.005325
1 0.302017 0.223969 0.004594 0.005654
1 0.374690 0.218906 0.005401 0.005391
1 0.391298 0.237773 0.005091 0.005135
1 0.395833 0.246746 0.005086 0.004939
1 0.321944 0.222354 0.004700 0.008081
1 0.310045 0.203656 0.004526 0.006214
1 0.259674 0.204625 0.005340 0.004865
1 0.285720 0.193383 0.005774 0.004735
1 0.299379 0.188420 0.004655 0.004405
1 0.793237 0.210645 0.005514 0.006391
1 0.790444 0.204451 0.005736 0.004733
1 0.787724 0.191473 0.005810 0.006391
