1 0.317908 0.070335 0.004607 0.007522
1 0.304878 0.256150 0.008910 0.006960
1 0.292650 0.259285 0.007220 0.006614
1 0.254310 0.245953 0.008326 0.006546
1 0.252164 0.241371 0.004943 0.009232
1 0.309528 0.277786 0.008714 0.006269
1 0.329799 0.310338 0.007480 0.007291
1 0.245880 0.347407 0.007411 0.008565
3 0.184226 0.269553 0.005257 0.005511
12 0.356571 0.033796 0.002951 0.003356
12 0.601478 0.319110 0.003319 0.003130
12 0.686263 0.371126 0.003252 0.003253
1 0.069796 0.293425 0.004520 0.007704
12 0.366105 0.089294 0.003086 0.002751
1 0.065528 0.306918 0.005560 0.006651
1 0.105217 0.334235 0.009383 0.006546
1 0.114919 0.345920 0.006997 0.003962
1 0.118794 0.349766 0.007703 0.006029
1 0.028513 0.152977 0.006052 0.006024
1 0.038616 0.468631 0.007769 0.006124
1 0.051719 0.527762 0.008085 0.006412
1 0.048534 0.523480 0.006232 0.004640
1 0.033313 0.512092 0.007767 0.007511
1 0.026358 0.510202 0.005601 0.006604
1 0.058699 0.577406 0.006961 0.007846
1 0.056575 0.567070 0.006147 0.007369
1 0.141361 0.623105 0.005876 0.008851
1 0.113379 0.628679 0.007180 0.006889
11 0.064364 0.706731 0.008762 0.010240
11 0.093791 0.719408 0.012149 0.008234
11 0.101401 0.710173 0.007859 0.007469
1 0.232639 0.790293 0.006277 0.007226
1 0.017075 0.909103 0.005942 0.005904
1 0.021822 0.912272 0.006704 0.005143
1 0.027599 0.913787 0.004409 0.007536
1 0.205995 0.933688 0.007980 0.007654
1 0.214389 0.941424 0.007000 0.007416
1 0.225265 0.946639 0.007829 0.007057
1 0.227306 0.894781 0.007545 0.007647
1 0.213972 0.916626 0.007545 0.005849
1 0.244582 0.859462 0.007371 0.007982
3 0.286587 0.939857 0.004883 0.005023
1 0.262939 0.938906 0.007774 0.006077
1 0.651380 0.937420 0.007265 0.006500
1 0.269841 0.622598 0.007089 0.007716
1 0.279532 0.630384 0.006440 0.008819
1 0.216640 0.587862 0.007268 0.007406
1 0.214418 0.586485 0.006836 0.006258
1 0.218311 0.662078 0.008586 0.006027
1 0.205461 0.659781 0.006283 0.007561
1 0.239200 0.661719 0.007366 0.005980
1 0.139919 0.514588 0.007871 0.006821
1 0.410739 0.514575 0.005831 0.006602
1 0.442485 0.487459 0.005195 0.005980
1 0.440429 0.485857 0.008671 0.008135
1 0.417962 0.618803 0.007140 0.007081
1 0.406467 0.629446 0.005515 0.007274
1 0.348024 0.677607 0.004775 0.007578
1 0.346509 0.672557 0.006503 0.007229
1 0.335042 0.730765 0.007185 0.007751
1 0.266430 0.750698 0.005017 0.006602
1 0.262050 0.750459 0.006824 0.007274
1 0.187204 0.742197 0.006400 0.005282
1 0.460967 0.625220 0.008628 0.006796
2 0.460809 0.542231 0.006323 0.005742
12 0.368857 0.260093 0.003108 0.003454
12 0.366504 0.262402 0.002920 0.002957
12 0.345928 0.275577 0.002983 0.002593
12 0.335923 0.286759 0.003046 0.003289
12 0.336880 0.283020 0.003202 0.002924
12 0.348110 0.272237 0.002406 0.002635
12 0.425375 0.769471 0.003011 0.003127
12 0.621850 0.783957 0.002718 0.002686
12 0.623536 0.779542 0.002693 0.002771
12 0.642730 0.751303 0.002722 0.002561
12 0.647598 0.744484 0.002788 0.002723
12 0.668119 0.785713 0.002620 0.002631
12 0.669294 0.783441 0.002530 0.002966
12 0.672614 0.783345 0.002755 0.002968
12 0.671484 0.786862 0.002665 0.002631
12 0.675188 0.777270 0.002304 0.002971
12 0.679253 0.774397 0.002845 0.003063
12 0.670966 0.774732 0.002800 0.002679
12 0.738365 0.788280 0.002747 0.002830
12 0.756099 0.896952 0.002891 0.003061
12 0.931382 0.965641 0.002710 0.002956
1 0.791724 0.125626 0.005573 0.009362
1 0.796289 0.114156 0.010679 0.007705
1 0.921366 0.825940 0.006345 0.008035
1 0.970199 0.812167 0.007428 0.006068
12 0.726641 0.156323 0.002898 0.003389
12 0.709347 0.177714 0.002710 0.003109
12 0.714766 0.183875 0.003011 0.003470
12 0.707915 0.190753 0.003011 0.003190
12 0.703038 0.293896 0.002891 0.003449
12 0.658256 0.281671 0.002936 0.003211
12 0.561334 0.059389 0.003274 0.003350
12 0.557080 0.061243 0.002898 0.003787
12 0.505922 0.032074 0.003149 0.003222
12 0.504133 0.035605 0.003365 0.003393
12 0.614752 0.128713 0.002863 0.003229
12 0.618704 0.122354 0.003014 0.003111
12 0.513889 0.028199 0.003149 0.003049
1 0.236934 0.459524 0.006019 0.006489
1 0.240940 0.575962 0.005600 0.006098
1 0.125893 0.031561 0.006097 0.007513
1 0.131223 0.035628 0.010524 0.006967
1 0.163879 0.064531 0.005821 0.006888
1 0.819583 0.199495 0.005571 0.006903
12 0.484757 0.036438 0.003312 0.003222
3 0.435459 0.018983 0.005309 0.005150
1 0.804174 0.245436 0.006308 0.006685
1 0.791329 0.259871 0.006375 0.004822
1 0.725908 0.051087 0.005648 0.007809
1 0.726333 0.030958 0.006292 0.005973
1 0.807249 0.023459 0.006097 0.006843
1 0.805848 0.020875 0.007092 0.006939
1 0.301697 0.152253 0.008195 0.006339
1 0.277861 0.159591 0.006438 0.005305
1 0.291941 0.129240 0.007674 0.003997
1 0.167454 0.072500 0.004287 0.008268
1 0.104562 0.190334 0.005235 0.007697
3 0.097526 0.039284 0.005480 0.005627
12 0.668621 0.290571 0.003434 0.003401
12 0.612663 0.132821 0.002525 0.003149
