1 0.569118 0.336873 0.007740 0.003503
10 0.493065 0.481518 0.004199 0.002445
10 0.497506 0.469723 0.004064 0.002493
2 0.409131 0.611074 0.007307 0.006086
2 0.468179 0.614148 0.005900 0.005230
2 0.284190 0.676961 0.007924 0.006753
2 0.626922 0.359465 0.005895 0.005701
2 0.530372 0.478561 0.006393 0.005906
2 0.484034 0.466401 0.006765 0.006746
2 0.525585 0.296141 0.006603 0.005799
2 0.536271 0.290140 0.007636 0.006431
2 0.575834 0.298782 0.006662 0.006028
2 0.498465 0.287328 0.006235 0.006478
2 0.632577 0.421334 0.007441 0.006329
2 0.685054 0.436798 0.007014 0.006821
2 0.821106 0.210221 0.006090 0.005741
1 0.911322 0.268690 0.007967 0.003454
1 0.853717 0.123082 0.003679 0.007236
1 0.297332 0.585822 0.006877 0.003466
1 0.351628 0.528692 0.008160 0.002633
2 0.418868 0.649463 0.006009 0.006144
2 0.402140 0.641810 0.006332 0.005283
1 0.434128 0.660362 0.002818 0.007709
1 0.432477 0.626359 0.007555 0.004306
2 0.517501 0.658123 0.005733 0.004885
1 0.485968 0.667304 0.004925 0.004535
1 0.495665 0.717051 0.006918 0.002935
1 0.498848 0.747277 0.005598 0.003398
1 0.422141 0.741636 0.006314 0.005981
1 0.444076 0.767632 0.007763 0.002633
1 0.200541 0.846410 0.006804 0.002114
1 0.222574 0.819954 0.007758 0.002057
1 0.221328 0.746002 0.007022 0.003543
1 0.297725 0.702304 0.005903 0.005505
1 0.273488 0.538390 0.007306 0.003301
1 0.252095 0.506588 0.006235 0.005218
1 0.274929 0.464709 0.007792 0.003482
1 0.289893 0.484764 0.007481 0.004217
1 0.334932 0.463462 0.006169 0.003928
1 0.371997 0.498733 0.003585 0.007037
1 0.409075 0.493771 0.005367 0.003541
1 0.411827 0.395304 0.007532 0.002489
1 0.361898 0.415919 0.003928 0.007805
1 0.389534 0.307724 0.006539 0.004546
1 0.387005 0.274870 0.003608 0.007182
1 0.382863 0.244058 0.007367 0.002074
1 0.444814 0.199316 0.003067 0.007129
1 0.352710 0.218580 0.004763 0.005857
1 0.396824 0.206568 0.008065 0.003905
1 0.400122 0.166600 0.008210 0.003324
1 0.397631 0.118180 0.007078 0.002990
1 0.346586 0.119937 0.004866 0.006126
1 0.298187 0.158077 0.007332 0.002459
1 0.255429 0.171095 0.006314 0.005666
1 0.248612 0.153525 0.007142 0.003469
1 0.282729 0.103898 0.003442 0.007373
1 0.284102 0.018552 0.006624 0.002647
1 0.358779 0.045781 0.008028 0.003636
1 0.415877 0.038259 0.004399 0.006902
1 0.399281 0.014437 0.006618 0.003907
1 0.548761 0.075102 0.004290 0.008230
1 0.908395 0.111079 0.006923 0.005550
1 0.934225 0.105031 0.005951 0.005419
1 0.936261 0.111827 0.007766 0.003457
1 0.944599 0.149616 0.007466 0.002823
1 0.915831 0.233789 0.006091 0.004749
1 0.956558 0.217379 0.005600 0.005596
1 0.912784 0.217956 0.008047 0.003909
1 0.808860 0.190994 0.005808 0.007058
1 0.763639 0.250923 0.005773 0.006982
1 0.698962 0.311529 0.006765 0.003629
1 0.669018 0.405257 0.007207 0.002624
1 0.700287 0.354788 0.006771 0.004206
1 0.785770 0.351053 0.005953 0.003254
1 0.836182 0.334442 0.007203 0.005617
1 0.833787 0.346088 0.007047 0.003256
1 0.872718 0.367108 0.007779 0.003749
1 0.915913 0.374898 0.007352 0.003930
1 0.935645 0.399828 0.006585 0.004024
1 0.959263 0.429642 0.006991 0.004227
1 0.948988 0.441703 0.007403 0.002353
1 0.977963 0.448640 0.003100 0.007243
1 0.983962 0.490082 0.004602 0.006651
1 0.973273 0.495872 0.006585 0.004259
1 0.981189 0.512281 0.002661 0.007709
1 0.934179 0.521104 0.006705 0.004983
1 0.948004 0.572243 0.006811 0.004546
1 0.799147 0.881095 0.005983 0.003415
1 0.819834 0.922134 0.007297 0.004950
1 0.828296 0.926750 0.007423 0.003455
1 0.840921 0.957609 0.006770 0.003588
1 0.837541 0.976222 0.007667 0.002631
1 0.731279 0.960739 0.006171 0.005454
1 0.726184 0.876731 0.006860 0.005887
1 0.700206 0.832494 0.007329 0.003389
1 0.684112 0.854634 0.008117 0.003923
1 0.639743 0.860186 0.007015 0.002225
1 0.608428 0.901427 0.007987 0.004054
1 0.637534 0.931793 0.005737 0.003215
1 0.606444 0.973967 0.006121 0.003387
1 0.543714 0.916683 0.007820 0.002951
1 0.499697 0.980395 0.005684 0.005550
1 0.486640 0.969892 0.006720 0.004546
1 0.497037 0.960824 0.007306 0.004786
1 0.478613 0.935872 0.006991 0.004066
1 0.420774 0.967853 0.006332 0.005053
1 0.381736 0.877439 0.007217 0.003924
1 0.376538 0.919765 0.007393 0.003657
1 0.271972 0.972290 0.004870 0.006373
1 0.246935 0.929957 0.006387 0.005799
1 0.229188 0.907341 0.006388 0.003508
1 0.185617 0.947892 0.007261 0.002106
1 0.204591 0.934249 0.006225 0.006265
1 0.206133 0.970738 0.007360 0.004829
1 0.150480 0.961777 0.004742 0.005934
1 0.130672 0.955923 0.007989 0.003445
1 0.117611 0.886746 0.005326 0.005787
1 0.098355 0.858910 0.006299 0.005099
1 0.095106 0.812557 0.007568 0.003224
1 0.104107 0.800568 0.008113 0.003058
1 0.126474 0.771464 0.006398 0.004878
1 0.164468 0.750670 0.006943 0.004794
1 0.133280 0.714980 0.007593 0.002037
1 0.151114 0.702619 0.007329 0.004829
1 0.132604 0.690877 0.006614 0.003991
1 0.155632 0.622893 0.005938 0.003469
1 0.042505 0.641865 0.007951 0.003075
1 0.036239 0.618250 0.007575 0.003275
1 0.118413 0.646844 0.006177 0.003858
1 0.122953 0.614860 0.008385 0.004409
1 0.129989 0.589800 0.006040 0.006615
1 0.024196 0.560855 0.006088 0.002680
1 0.017359 0.409159 0.005620 0.002977
1 0.020445 0.434463 0.005867 0.003685
1 0.071740 0.013520 0.007330 0.002909
1 0.103405 0.020304 0.007829 0.002260
1 0.096498 0.037315 0.006921 0.003858
1 0.110309 0.076134 0.007367 0.003110
1 0.115496 0.061639 0.006164 0.003629
1 0.052495 0.122630 0.005507 0.003828
1 0.125502 0.356977 0.003293 0.007894
1 0.098689 0.364490 0.006314 0.006364
1 0.153071 0.383714 0.007924 0.002412
1 0.170365 0.407009 0.004870 0.006429
1 0.113862 0.438701 0.003734 0.007355
1 0.159328 0.523706 0.007956 0.002297
1 0.142632 0.513170 0.007578 0.004190
1 0.132068 0.498257 0.007208 0.003445
1 0.136971 0.490162 0.005715 0.003790
1 0.127837 0.466817 0.007995 0.004409
1 0.107707 0.345561 0.008238 0.005692
1 0.086382 0.294026 0.008200 0.005272
1 0.122668 0.266750 0.007764 0.003492
1 0.125783 0.247666 0.009015 0.003615
1 0.066238 0.191332 0.008075 0.003294
1 0.091630 0.227849 0.009220 0.004887
1 0.040027 0.231857 0.007248 0.004558
1 0.164652 0.134495 0.008281 0.004173
2 0.542807 0.033959 0.006007 0.004653
10 0.046940 0.777699 0.003569 0.002053
10 0.277688 0.846196 0.003727 0.002163
10 0.303464 0.859638 0.003852 0.002328
10 0.203405 0.685878 0.004639 0.003284
2 0.204977 0.690121 0.005585 0.004978
10 0.473742 0.611805 0.004029 0.002500
1 0.215902 0.493278 0.006105 0.004824
4 0.859397 0.528465 0.012531 0.008931
4 0.980288 0.596191 0.011419 0.008931
4 0.714897 0.586369 0.018330 0.005656
4 0.752045 0.507713 0.015527 0.006559
4 0.693454 0.507317 0.009825 0.006757
4 0.441227 0.534890 0.014659 0.007028
1 0.506858 0.532854 0.006390 0.005915
1 0.499951 0.524248 0.004542 0.004586
1 0.386413 0.571390 0.005078 0.004187
4 0.313167 0.539606 0.011317 0.007005
4 0.183152 0.497967 0.010997 0.007781
4 0.160639 0.587922 0.012250 0.006459
4 0.347541 0.572977 0.006944 0.006870
4 0.979228 0.288027 0.014915 0.006301
4 0.822389 0.272160 0.014255 0.011045
4 0.794225 0.070987 0.015212 0.007719
4 0.619288 0.117774 0.011534 0.007112
4 0.592479 0.110127 0.014184 0.007854
4 0.817055 0.106960 0.010988 0.009260
4 0.846510 0.295123 0.010475 0.006349
4 0.980208 0.362241 0.009592 0.005622
1 0.965829 0.321974 0.007022 0.005458
4 0.923066 0.416811 0.011567 0.008682
1 0.077608 0.839398 0.004870 0.005598
1 0.033702 0.717217 0.005732 0.005318
1 0.042876 0.658685 0.006200 0.004786
1 0.050059 0.486483 0.002868 0.007464
1 0.098805 0.321315 0.003112 0.007177
1 0.132460 0.309720 0.003653 0.006939
1 0.147764 0.216612 0.007672 0.002680
1 0.147845 0.170615 0.007524 0.002928
1 0.134121 0.126771 0.006326 0.004024
1 0.474149 0.081507 0.005682 0.005626
1 0.575660 0.120408 0.006631 0.004929
1 0.565917 0.199234 0.005357 0.005691
1 0.601024 0.250561 0.007858 0.002900
1 0.587677 0.212359 0.006883 0.005305
1 0.241035 0.441109 0.003288 0.007259
1 0.186036 0.444966 0.007103 0.003882
1 0.559184 0.444616 0.002371 0.008216
1 0.614241 0.469583 0.007050 0.004756
2 0.565037 0.487511 0.006817 0.005118
1 0.740099 0.282360 0.005078 0.006011
1 0.759192 0.303551 0.007685 0.002410
1 0.832080 0.255552 0.007469 0.002391
1 0.430114 0.064340 0.006979 0.002704
1 0.424762 0.246400 0.004334 0.007161
4 0.218264 0.197873 0.014255 0.007614
4 0.031455 0.939646 0.011599 0.011413
4 0.200412 0.814940 0.012374 0.012550
4 0.196425 0.640818 0.013684 0.007108
4 0.110522 0.737973 0.012000 0.007873
4 0.028036 0.645970 0.014557 0.006429
2 0.023547 0.600218 0.005867 0.004833
4 0.017740 0.517290 0.011447 0.012731
4 0.096057 0.434646 0.011223 0.008104
1 0.095596 0.145501 0.007956 0.003790
1 0.161841 0.107771 0.002142 0.008334
4 0.349392 0.152617 0.010366 0.008269
4 0.359913 0.140380 0.008807 0.006613
1 0.469446 0.155181 0.007090 0.003158
1 0.502844 0.131834 0.007217 0.003063
4 0.291333 0.058832 0.009358 0.005235
2 0.655801 0.062702 0.005798 0.004735
4 0.689064 0.912245 0.013333 0.008145
4 0.576878 0.816744 0.009726 0.005755
1 0.511075 0.803953 0.008261 0.003306
1 0.513842 0.781505 0.004598 0.006368
4 0.714313 0.681690 0.011345 0.009643
4 0.659710 0.665544 0.010325 0.006310
1 0.610320 0.603166 0.006464 0.004066
1 0.625897 0.601890 0.004927 0.006062
4 0.626894 0.550922 0.008885 0.005291
4 0.352195 0.898049 0.014412 0.007056
4 0.483346 0.205806 0.019825 0.005160
4 0.466364 0.619870 0.015354 0.007028
4 0.329113 0.679225 0.013019 0.008929
1 0.009755 0.749821 0.004941 0.004686
2 0.232234 0.851560 0.005672 0.004355
1 0.302903 0.900699 0.007891 0.003391
1 0.337560 0.926426 0.006388 0.004106
1 0.132764 0.926741 0.006850 0.002909
3 0.115229 0.168489 0.005575 0.005433
10 0.228634 0.153221 0.004075 0.003378
2 0.357735 0.629407 0.006392 0.006086
1 0.611327 0.682753 0.007283 0.003452
1 0.618622 0.661851 0.006822 0.003177
1 0.510119 0.691772 0.005950 0.005785
10 0.075454 0.695223 0.003945 0.002668
10 0.204107 0.779540 0.004034 0.002416
2 0.277118 0.711862 0.005991 0.005260
10 0.281712 0.716954 0.004446 0.003511
2 0.322802 0.692981 0.005954 0.005213
10 0.360018 0.726877 0.003739 0.002951
10 0.361186 0.721901 0.003795 0.002633
10 0.298617 0.767832 0.003915 0.003075
2 0.304133 0.812747 0.006972 0.005211
10 0.299356 0.808642 0.004027 0.002685
1 0.630053 0.782989 0.006817 0.002631
1 0.627114 0.765500 0.006352 0.002356
1 0.664911 0.793311 0.006146 0.005698
1 0.681722 0.801804 0.004958 0.005918
2 0.681235 0.898227 0.006713 0.005479
1 0.743657 0.876271 0.007030 0.003923
1 0.757554 0.886183 0.005846 0.002739
1 0.768145 0.868554 0.005809 0.003868
1 0.718094 0.865478 0.006741 0.003576
1 0.837187 0.584763 0.005019 0.007166
10 0.525404 0.148048 0.003622 0.002321
10 0.386620 0.821067 0.003694 0.002592
10 0.424828 0.769325 0.004222 0.002515
10 0.405914 0.752410 0.004522 0.002836
10 0.390549 0.746018 0.003834 0.002563
10 0.426001 0.468802 0.004260 0.002830
2 0.310769 0.444786 0.006920 0.005965
3 0.920955 0.082883 0.005260 0.006683
3 0.138904 0.156918 0.005233 0.005349
3 0.055217 0.361261 0.005818 0.005386
3 0.074687 0.315603 0.004890 0.005195
3 0.194848 0.218794 0.005684 0.005206
3 0.422049 0.915658 0.005728 0.005302
10 0.535262 0.478953 0.003524 0.003900
10 0.688971 0.441083 0.003846 0.002584
10 0.818199 0.097414 0.004519 0.004210
10 0.828614 0.181118 0.004247 0.002711
10 0.973782 0.361497 0.003430 0.003473
10 0.765793 0.406575 0.004870 0.002967
10 0.767191 0.389924 0.004331 0.002680
10 0.620472 0.186759 0.003653 0.002344
10 0.623461 0.197968 0.003668 0.002626
10 0.559361 0.489468 0.003980 0.002559
10 0.330978 0.365711 0.004280 0.002431
10 0.840669 0.314367 0.003852 0.002752
10 0.770325 0.048229 0.003795 0.002209
10 0.242509 0.385595 0.003782 0.002617
10 0.285554 0.408005 0.003579 0.002314
10 0.018586 0.596103 0.003432 0.002536
10 0.015167 0.460870 0.003950 0.002356
10 0.662717 0.069832 0.003135 0.002160
10 0.656819 0.057898 0.003917 0.002437
10 0.660185 0.054312 0.003914 0.002354
10 0.663461 0.046213 0.003996 0.002382
10 0.459213 0.803065 0.003653 0.002349
10 0.464558 0.816533 0.004149 0.002589
10 0.452922 0.819620 0.003518 0.002255
10 0.435558 0.815050 0.004602 0.002493
10 0.617227 0.648790 0.004199 0.002967
1 0.650964 0.217233 0.005466 0.005972
1 0.678580 0.194842 0.006855 0.003588
1 0.692201 0.181301 0.006765 0.004162
1 0.698177 0.221684 0.006270 0.004737
1 0.734946 0.227419 0.007367 0.002074
1 0.909866 0.082254 0.005101 0.006461
1 0.929745 0.040125 0.007126 0.002827
1 0.851148 0.036150 0.005197 0.005761
1 0.778575 0.051286 0.007261 0.002823
1 0.955592 0.270222 0.007080 0.003588
1 0.952284 0.303798 0.006548 0.004772
1 0.818370 0.423480 0.005326 0.007226
1 0.888320 0.545790 0.006314 0.003970
1 0.897007 0.565439 0.005649 0.005719
1 0.920723 0.624779 0.007522 0.002437
1 0.962816 0.691031 0.007405 0.002153
1 0.817537 0.896889 0.003316 0.005558
1 0.713067 0.984871 0.007491 0.002584
1 0.501279 0.864914 0.007349 0.002183
1 0.494169 0.872859 0.007596 0.002179
1 0.471116 0.904558 0.005245 0.003417
1 0.477787 0.916264 0.007754 0.003660
1 0.494800 0.933664 0.007426 0.002899
1 0.289481 0.810385 0.005542 0.002874
1 0.261301 0.805487 0.005064 0.006387
1 0.293056 0.772323 0.007357 0.001960
1 0.270600 0.746330 0.003724 0.005645
1 0.219672 0.646483 0.003305 0.007474
1 0.433358 0.511995 0.006469 0.005990
1 0.200917 0.399134 0.003848 0.006637
1 0.214827 0.362125 0.007321 0.002433
1 0.170586 0.330780 0.006804 0.003387
1 0.195868 0.261503 0.002483 0.007847
1 0.224917 0.209149 0.006847 0.003816
1 0.390861 0.154815 0.006692 0.003833
1 0.500645 0.387689 0.005761 0.004689
1 0.495587 0.372447 0.004308 0.007320
1 0.468950 0.349527 0.007495 0.002830
4 0.447001 0.336190 0.010812 0.008309
1 0.400370 0.339077 0.002874 0.007231
1 0.277754 0.366760 0.006369 0.003091
1 0.235854 0.404402 0.007081 0.002867
