4 0.616978 0.259711 0.010746 0.012647
4 0.245348 0.671928 0.006973 0.009761
4 0.294393 0.445008 0.014255 0.010644
4 0.348691 0.528743 0.011853 0.007847
4 0.310710 0.525500 0.009659 0.008018
4 0.229907 0.713719 0.014219 0.007404
4 0.213144 0.414232 0.013239 0.009972
4 0.254488 0.343456 0.013093 0.010281
4 0.156960 0.051618 0.011225 0.011289
4 0.326979 0.128839 0.012066 0.007504
4 0.374081 0.144339 0.011544 0.011030
4 0.380184 0.104684 0.012255 0.007228
4 0.422051 0.108632 0.011842 0.006561
4 0.498917 0.022898 0.011291 0.007551
4 0.720417 0.034298 0.014515 0.010737
4 0.446371 0.172947 0.013764 0.010070
4 0.493309 0.169594 0.015459 0.012696
4 0.541690 0.120325 0.006355 0.011351
4 0.631488 0.137632 0.011417 0.009439
4 0.856838 0.027034 0.009560 0.011405
4 0.731741 0.200763 0.008596 0.011246
4 0.932254 0.317448 0.012433 0.011489
4 0.351985 0.700964 0.008881 0.008047
4 0.266561 0.782860 0.014874 0.007614
4 0.249025 0.760670 0.008453 0.008316
4 0.166161 0.710649 0.013374 0.007263
4 0.036684 0.636074 0.006613 0.006800
2 0.078931 0.517908 0.007553 0.005623
2 0.099766 0.518818 0.006813 0.005504
2 0.063850 0.516546 0.007545 0.006114
2 0.032014 0.523819 0.005449 0.005382
4 0.060585 0.576513 0.005396 0.012265
4 0.101151 0.453283 0.007162 0.010591
2 0.184961 0.398350 0.006629 0.005981
2 0.237043 0.384024 0.007520 0.006321
2 0.044664 0.244794 0.006950 0.005981
2 0.052403 0.103728 0.007358 0.006028
2 0.069903 0.086270 0.008066 0.006723
2 0.055552 0.065987 0.007682 0.006546
2 0.030610 0.049910 0.008008 0.007465
2 0.342514 0.538883 0.007580 0.006374
4 0.770557 0.024393 0.006249 0.010954
12 0.439631 0.324509 0.005201 0.005382
12 0.448754 0.328987 0.004617 0.004830
12 0.459955 0.320031 0.004551 0.005381
12 0.380702 0.517710 0.004442 0.004714
12 0.381161 0.509068 0.004388 0.004428
12 0.390088 0.509585 0.004280 0.004542
12 0.391955 0.487020 0.004227 0.004658
12 0.398988 0.490666 0.004225 0.004598
12 0.412650 0.485325 0.004063 0.004254
12 0.420117 0.482139 0.004604 0.004886
12 0.431127 0.482082 0.004875 0.004772
12 0.443139 0.479182 0.003900 0.004025
12 0.379673 0.469565 0.004550 0.004428
4 0.342131 0.197657 0.015226 0.006896
12 0.379189 0.475680 0.004111 0.004714
12 0.403996 0.477919 0.004490 0.004484
12 0.402695 0.444789 0.005254 0.004370
12 0.418926 0.457737 0.004389 0.004540
12 0.435564 0.461813 0.004009 0.004426
12 0.428749 0.443181 0.004761 0.004484
12 0.445249 0.430291 0.003901 0.004656
12 0.544816 0.442159 0.004221 0.004142
12 0.552770 0.441642 0.004025 0.004898
12 0.550335 0.448325 0.003572 0.004486
12 0.470281 0.451874 0.004480 0.004418
12 0.538843 0.463242 0.004090 0.004554
12 0.530369 0.463794 0.004154 0.004416
12 0.522027 0.475196 0.003961 0.004347
12 0.525144 0.480709 0.003830 0.004347
12 0.518164 0.492112 0.004545 0.004832
12 0.504789 0.487461 0.003895 0.004625
12 0.500958 0.499346 0.003897 0.003865
12 0.495050 0.504515 0.004416 0.004279
12 0.509658 0.504756 0.004285 0.004761
12 0.498588 0.516228 0.004351 0.004418
12 0.560008 0.511508 0.003571 0.003384
12 0.564424 0.510578 0.004090 0.004416
12 0.561469 0.517433 0.004025 0.004347
12 0.707705 0.610440 0.004328 0.004196
12 0.714036 0.614173 0.003897 0.004886
12 0.762612 0.672946 0.003733 0.004196
12 0.743811 0.690372 0.004004 0.004368
4 0.311493 0.558555 0.009248 0.011005
4 0.830599 0.481987 0.011686 0.013995
4 0.612676 0.525893 0.009096 0.008670
4 0.329778 0.646752 0.007064 0.008935
4 0.343120 0.636136 0.010172 0.009244
4 0.460557 0.572726 0.015517 0.006477
4 0.761301 0.514857 0.007628 0.012689
4 0.540138 0.189096 0.010777 0.012265
4 0.685004 0.407346 0.010749 0.011088
2 0.497023 0.428718 0.008836 0.008412
2 0.880912 0.851305 0.009035 0.007063
2 0.866060 0.856760 0.009091 0.007063
4 0.301603 0.790460 0.010575 0.007442
4 0.288425 0.750822 0.010379 0.010914
4 0.192296 0.454758 0.006547 0.005684
4 0.206817 0.584010 0.011375 0.010581
4 0.161511 0.556724 0.007869 0.009426
4 0.010945 0.694696 0.005331 0.012954
4 0.088162 0.602182 0.007565 0.012733
4 0.032823 0.553383 0.009041 0.011988
4 0.071495 0.403627 0.012986 0.011598
4 0.134076 0.423523 0.011911 0.007923
4 0.030092 0.004086 0.009349 0.008172
4 0.060711 0.027023 0.006077 0.008333
2 0.375394 0.240634 0.006470 0.005289
2 0.939727 0.196416 0.007079 0.005551
2 0.739888 0.668704 0.007790 0.006132
2 0.714923 0.662089 0.008246 0.006133
2 0.281327 0.799466 0.007168 0.006942
2 0.678291 0.395746 0.006915 0.007070
4 0.149347 0.438581 0.010184 0.011646
2 0.986160 0.157179 0.006980 0.006488
2 0.044134 0.024611 0.008026 0.006651
2 0.095557 0.223631 0.008115 0.006651
2 0.195333 0.462297 0.006993 0.005268
