6 0.380747 0.345690 0.011216 0.007801
6 0.503482 0.381899 0.012817 0.009331
6 0.556725 0.404631 0.012503 0.008366
4 0.240315 0.578367 0.009765 0.009467
4 0.191982 0.636859 0.011028 0.010221
4 0.961619 0.711001 0.007626 0.008456
4 0.907997 0.713960 0.008223 0.007344
4 0.370704 0.613258 0.015235 0.017281
4 0.013860 0.919350 0.009720 0.009418
4 0.840719 0.647607 0.009223 0.007373
4 0.981691 0.897440 0.008169 0.009268
4 0.807226 0.925108 0.009796 0.008532
4 0.928947 0.748567 0.011285 0.009892
4 0.904518 0.629840 0.007072 0.007201
4 0.841647 0.951695 0.008499 0.008062
4 0.826242 0.949113 0.009201 0.008137
4 0.816633 0.941801 0.007990 0.007639
4 0.940559 0.684397 0.005615 0.006086
4 0.818204 0.892562 0.008124 0.006953
4 0.209471 0.821243 0.009417 0.010533
4 0.070192 0.728130 0.008625 0.007838
6 0.249698 0.561811 0.013635 0.009644
