1 0.604809 0.908395 0.004948 0.003616
1 0.590378 0.888835 0.004329 0.004273
1 0.568227 0.788824 0.004433 0.004877
1 0.515599 0.812712 0.002376 0.006191
1 0.414825 0.803463 0.003557 0.005589
1 0.355282 0.817175 0.003823 0.004250
1 0.332927 0.770151 0.005755 0.003151
1 0.309818 0.799637 0.005673 0.003730
1 0.892579 0.434991 0.005345 0.003786
1 0.821848 0.447891 0.005195 0.003550
1 0.693102 0.642839 0.004851 0.004439
1 0.709775 0.594022 0.003252 0.005862
1 0.738587 0.606131 0.003975 0.006629
1 0.761809 0.610429 0.003710 0.004936
1 0.800848 0.619664 0.003356 0.006410
1 0.774958 0.670539 0.004887 0.004936
1 0.747775 0.668699 0.004452 0.004542
1 0.714160 0.687666 0.003898 0.005267
1 0.430618 0.712426 0.004392 0.004807
1 0.428357 0.766078 0.005200 0.005193
1 0.418218 0.761210 0.003216 0.006384
1 0.452449 0.744580 0.004769 0.004535
1 0.486335 0.720862 0.005086 0.004224
1 0.520819 0.736953 0.002649 0.005860
1 0.563920 0.739374 0.003907 0.005263
1 0.589727 0.706370 0.004617 0.004488
1 0.594486 0.713538 0.004793 0.005862
1 0.632652 0.747371 0.003196 0.005808
1 0.682132 0.799968 0.004536 0.004712
1 0.722952 0.842621 0.004844 0.004220
1 0.295159 0.978592 0.004601 0.004360
1 0.234950 0.941775 0.004825 0.003956
1 0.192146 0.964288 0.005664 0.003011
1 0.176336 0.926324 0.004979 0.004355
1 0.097238 0.946450 0.004191 0.004789
1 0.043684 0.929838 0.003303 0.006230
1 0.029154 0.920928 0.005572 0.003441
1 0.068715 0.916331 0.005613 0.003837
1 0.091274 0.878453 0.005279 0.003676
1 0.004893 0.885512 0.004523 0.006014
1 0.010816 0.875319 0.005067 0.007793
1 0.015832 0.863952 0.005164 0.008577
1 0.025002 0.855825 0.008948 0.004134
1 0.019176 0.851829 0.004375 0.008780
1 0.037196 0.855093 0.008948 0.004763
1 0.048947 0.851461 0.007573 0.005337
1 0.058413 0.844457 0.006343 0.006695
1 0.063945 0.833611 0.004029 0.008629
1 0.064091 0.820699 0.005014 0.009261
1 0.061363 0.808183 0.005261 0.008472
1 0.054331 0.798567 0.007229 0.005232
1 0.043194 0.794620 0.008358 0.005179
1 0.034147 0.797315 0.005801 0.003032
1 0.014332 0.799170 0.005114 0.007789
1 0.010498 0.811058 0.004428 0.008785
1 0.008507 0.819267 0.007917 0.005958
1 0.013693 0.829250 0.003932 0.005018
1 0.019249 0.839050 0.004229 0.009148
1 0.087021 0.759554 0.005454 0.003403
1 0.011003 0.737286 0.005740 0.002494
1 0.107225 0.726881 0.005908 0.002626
1 0.015934 0.660330 0.003692 0.005449
1 0.105236 0.667106 0.005348 0.003993
1 0.111015 0.620689 0.005350 0.003842
1 0.144201 0.570981 0.005492 0.002904
1 0.120402 0.486713 0.005697 0.002794
1 0.014614 0.524831 0.005263 0.008409
1 0.022623 0.536112 0.007512 0.008409
1 0.032995 0.542601 0.007881 0.004628
1 0.044704 0.542145 0.007797 0.004994
1 0.055118 0.536156 0.007057 0.005479
1 0.065389 0.528762 0.007169 0.005508
1 0.074524 0.521063 0.005804 0.006748
1 0.078235 0.509736 0.004357 0.009137
1 0.080371 0.496581 0.004181 0.008953
1 0.082403 0.483616 0.003842 0.009095
1 0.083315 0.470613 0.003929 0.009071
1 0.083597 0.453088 0.004059 0.008587
1 0.078507 0.442565 0.006208 0.007017
1 0.067523 0.438275 0.008813 0.004430
1 0.055823 0.433932 0.008571 0.004402
1 0.043776 0.435607 0.008022 0.005538
1 0.032718 0.440785 0.007685 0.005761
1 0.022416 0.447444 0.007084 0.006231
1 0.085049 0.370264 0.005445 0.003462
1 0.033237 0.308172 0.006076 0.002673
1 0.190463 0.330385 0.005404 0.003189
1 0.209744 0.285236 0.005939 0.004486
1 0.204972 0.265803 0.005627 0.002725
1 0.223129 0.263481 0.005599 0.003289
1 0.076864 0.278704 0.005837 0.002519
1 0.063800 0.258629 0.005655 0.003240
1 0.025956 0.270712 0.005444 0.003406
1 0.042519 0.229623 0.005123 0.003093
1 0.076067 0.223011 0.004928 0.003763
1 0.028874 0.166563 0.005608 0.002711
1 0.032819 0.113456 0.005480 0.003429
1 0.072610 0.091552 0.005849 0.002890
2 0.091377 0.019805 0.006005 0.005652
1 0.132464 0.015050 0.003025 0.005899
1 0.183816 0.057381 0.006407 0.003426
1 0.192725 0.033082 0.005977 0.003163
1 0.199419 0.023911 0.005977 0.004143
1 0.197020 0.013428 0.005763 0.002816
1 0.247553 0.089804 0.004383 0.004376
1 0.226394 0.141406 0.004772 0.004787
1 0.280077 0.161644 0.003430 0.005106
1 0.220544 0.184661 0.005521 0.003224
1 0.223780 0.216264 0.005659 0.002739
1 0.263898 0.227457 0.005674 0.003287
1 0.271503 0.200791 0.005584 0.004113
1 0.294522 0.207026 0.005760 0.003333
1 0.298175 0.187025 0.005241 0.003429
1 0.320958 0.168856 0.005631 0.003608
1 0.342334 0.181936 0.005429 0.005136
1 0.356375 0.214229 0.004546 0.003882
1 0.375255 0.199466 0.005511 0.002892
1 0.355774 0.244595 0.005758 0.004110
1 0.424126 0.224772 0.005691 0.002701
1 0.431777 0.190624 0.005408 0.003804
1 0.412663 0.184708 0.005409 0.005288
1 0.380679 0.157451 0.005722 0.002841
1 0.332214 0.145775 0.004833 0.004576
1 0.412111 0.121948 0.005500 0.004103
1 0.311359 0.143733 0.005370 0.004756
1 0.298307 0.097688 0.006234 0.003235
1 0.365438 0.100567 0.002449 0.006469
1 0.299434 0.012503 0.005264 0.005213
1 0.336368 0.036970 0.004385 0.004747
1 0.427349 0.073377 0.005773 0.002855
1 0.419334 0.039822 0.005412 0.004000
1 0.502887 0.025313 0.005926 0.002830
1 0.518809 0.027259 0.002748 0.006119
1 0.481077 0.060224 0.005282 0.004383
1 0.562020 0.033252 0.005548 0.003329
1 0.597665 0.021536 0.003280 0.005803
1 0.610048 0.040320 0.005282 0.004884
1 0.904802 0.758142 0.006404 0.005022
1 0.607241 0.075207 0.005442 0.003879
1 0.608726 0.091907 0.005691 0.004668
1 0.588532 0.101736 0.003898 0.005522
1 0.627034 0.125733 0.005442 0.003944
1 0.537554 0.128096 0.004984 0.004534
1 0.501581 0.112580 0.005440 0.003539
1 0.511546 0.090536 0.002836 0.006984
1 0.444511 0.138737 0.005492 0.004024
1 0.470339 0.174461 0.002671 0.006233
1 0.493755 0.211108 0.005715 0.004733
1 0.515613 0.206058 0.004601 0.006154
1 0.489822 0.232409 0.004973 0.005050
1 0.536209 0.231936 0.003341 0.006785
1 0.589869 0.212884 0.006012 0.004339
1 0.613100 0.215960 0.005419 0.004656
1 0.606457 0.184757 0.005343 0.003786
1 0.578959 0.170872 0.005121 0.006312
1 0.609537 0.166887 0.005269 0.004497
1 0.665684 0.165466 0.003860 0.005601
1 0.729216 0.200062 0.005938 0.005050
1 0.699565 0.223732 0.005417 0.004260
1 0.820844 0.050915 0.005574 0.004409
1 0.780557 0.035436 0.005776 0.002680
1 0.760207 0.029756 0.005510 0.008131
1 0.764191 0.041327 0.004285 0.009102
1 0.763805 0.055004 0.003759 0.006828
1 0.759588 0.053871 0.005192 0.002893
1 0.756869 0.064168 0.007388 0.005864
1 0.820693 0.090110 0.003017 0.006221
1 0.823584 0.102140 0.006032 0.004066
1 0.809441 0.131307 0.005995 0.003215
1 0.951978 0.169603 0.004276 0.004744
1 0.959983 0.197480 0.005785 0.004479
1 0.938674 0.195815 0.004326 0.005167
1 0.965610 0.259407 0.004219 0.004996
1 0.638111 0.233948 0.005566 0.004812
1 0.720792 0.247755 0.004676 0.005284
1 0.686316 0.260536 0.005938 0.005918
1 0.670211 0.299432 0.005938 0.004969
1 0.784471 0.254856 0.006308 0.002762
1 0.785536 0.197937 0.005655 0.003121
1 0.763107 0.176147 0.005875 0.003354
1 0.749192 0.149431 0.006122 0.002965
1 0.607588 0.409335 0.005411 0.004985
1 0.617411 0.466591 0.003916 0.005375
1 0.228385 0.700715 0.004433 0.004990
1 0.194417 0.705646 0.002686 0.006636
1 0.220855 0.748769 0.005799 0.004154
1 0.230454 0.773720 0.004294 0.005022
1 0.266344 0.774518 0.005928 0.003452
1 0.266139 0.818566 0.004690 0.004005
3 0.643489 0.370829 0.005352 0.006321
3 0.619887 0.374813 0.005946 0.006240
1 0.606234 0.364912 0.004452 0.004901
1 0.633436 0.382347 0.004082 0.006476
1 0.658781 0.357061 0.004008 0.005293
1 0.684283 0.336712 0.004690 0.004717
1 0.821326 0.303843 0.005727 0.003310
1 0.799636 0.324997 0.005658 0.003007
1 0.731139 0.346056 0.005218 0.003938
1 0.789643 0.380464 0.005846 0.003242
1 0.725845 0.417260 0.005643 0.004465
1 0.689483 0.420417 0.003076 0.006056
1 0.673156 0.457419 0.002863 0.005897
1 0.765077 0.469323 0.004940 0.004428
1 0.731912 0.519473 0.004439 0.004530
1 0.663369 0.528699 0.005941 0.003077
1 0.690856 0.534064 0.002509 0.006130
1 0.669633 0.582577 0.005727 0.003159
1 0.617314 0.505674 0.004996 0.004227
3 0.614872 0.561269 0.004729 0.006168
1 0.600969 0.548732 0.003400 0.005824
1 0.572983 0.486055 0.003437 0.005939
1 0.559084 0.525927 0.006234 0.004026
1 0.521317 0.552849 0.002506 0.006310
1 0.490626 0.547775 0.004772 0.004597
1 0.496992 0.572903 0.006178 0.002662
1 0.490074 0.587346 0.004742 0.004724
3 0.556903 0.592030 0.005193 0.006244
1 0.572634 0.597052 0.002794 0.006319
1 0.533425 0.605936 0.003616 0.005291
1 0.529416 0.635614 0.003114 0.005445
1 0.491419 0.655165 0.005818 0.003711
1 0.437144 0.645589 0.002837 0.006280
1 0.396619 0.646497 0.004505 0.004567
1 0.386911 0.630580 0.004713 0.004882
1 0.353716 0.625943 0.005488 0.003480
1 0.297625 0.624714 0.006028 0.002444
1 0.351698 0.566482 0.003010 0.005892
1 0.322441 0.574233 0.005837 0.004224
1 0.286657 0.568155 0.006007 0.002752
1 0.268701 0.531353 0.004772 0.004663
1 0.237128 0.503024 0.003728 0.005456
1 0.403707 0.418245 0.004795 0.003996
1 0.409045 0.459686 0.005220 0.004185
1 0.518487 0.496286 0.004811 0.004386
1 0.510888 0.511893 0.005526 0.003804
1 0.434238 0.545788 0.005111 0.004661
3 0.422150 0.537296 0.005416 0.006214
3 0.427903 0.501572 0.005669 0.005993
1 0.480510 0.499426 0.003963 0.005041
1 0.466489 0.500361 0.005757 0.004374
1 0.465715 0.492689 0.005641 0.005010
1 0.496952 0.473882 0.003162 0.005741
1 0.510933 0.436980 0.005620 0.004756
1 0.526497 0.404608 0.004253 0.004885
1 0.498815 0.416912 0.005241 0.004019
1 0.453114 0.401453 0.004433 0.006252
3 0.459902 0.380784 0.004846 0.006245
1 0.485474 0.393059 0.004401 0.004836
1 0.496000 0.367456 0.004867 0.004490
1 0.556288 0.372599 0.005584 0.003977
1 0.536853 0.369886 0.005197 0.005479
1 0.533159 0.361051 0.006055 0.004612
1 0.552681 0.355001 0.006270 0.004656
1 0.569732 0.347948 0.006356 0.006083
1 0.588657 0.342242 0.003483 0.005206
1 0.413739 0.348488 0.005442 0.004442
1 0.384931 0.294616 0.005343 0.002944
1 0.412986 0.313650 0.002672 0.006343
1 0.465439 0.307638 0.005529 0.005684
1 0.457646 0.330787 0.004909 0.004829
1 0.548357 0.314834 0.004818 0.004164
1 0.522481 0.315402 0.004915 0.004544
1 0.527026 0.265224 0.004373 0.004924
1 0.497150 0.289319 0.002493 0.006343
1 0.450661 0.276154 0.005347 0.003700
1 0.755535 0.270263 0.006302 0.003077
1 0.275845 0.472980 0.005584 0.003103
1 0.362036 0.268613 0.005330 0.003790
1 0.265456 0.275570 0.004948 0.004471
1 0.279504 0.324423 0.005771 0.004054
1 0.352491 0.318434 0.005771 0.002739
1 0.357903 0.352676 0.005231 0.004253
1 0.288648 0.356758 0.005233 0.004271
1 0.211005 0.365756 0.006002 0.003944
1 0.255405 0.348742 0.005541 0.003944
1 0.258637 0.410910 0.005541 0.003942
1 0.680791 0.907159 0.005129 0.004891
1 0.800338 0.894365 0.002491 0.005706
1 0.764635 0.848078 0.005197 0.004274
1 0.821787 0.824738 0.004583 0.004800
1 0.825245 0.776217 0.004639 0.004329
1 0.803431 0.714198 0.004026 0.005456
1 0.909209 0.644543 0.002633 0.005971
1 0.877859 0.608720 0.004581 0.004376
1 0.835298 0.615625 0.004823 0.004931
1 0.842905 0.605138 0.006186 0.005260
1 0.808362 0.589655 0.003772 0.005983
1 0.794663 0.561811 0.004205 0.004864
1 0.831587 0.548037 0.003835 0.005064
1 0.801068 0.534013 0.006130 0.004339
1 0.783162 0.522901 0.004336 0.005522
1 0.793306 0.499694 0.005077 0.004471
1 0.895804 0.509784 0.005574 0.003786
1 0.877063 0.488088 0.004609 0.005050
1 0.846226 0.487457 0.004831 0.004891
1 0.843001 0.426983 0.004306 0.004024
3 0.903515 0.542354 0.005235 0.005619
4 0.983249 0.319255 0.012788 0.006660
4 0.982632 0.425827 0.012427 0.007320
0 0.815818 0.450844 0.004401 0.010733
0 0.825542 0.453237 0.003779 0.010238
4 0.875366 0.877325 0.012309 0.010362
4 0.883477 0.958077 0.010873 0.011624
4 0.963861 0.987991 0.011439 0.007597
4 0.931058 0.928475 0.013204 0.010623
4 0.934825 0.864929 0.011191 0.008139
4 0.908670 0.787737 0.014090 0.007845
4 0.887230 0.711252 0.012258 0.010471
4 0.933491 0.677060 0.012267 0.008855
4 0.910226 0.666121 0.010361 0.008370
4 0.855344 0.657125 0.010148 0.008421
1 0.894015 0.564870 0.005393 0.003249
3 0.908349 0.535772 0.004892 0.004892
4 0.982830 0.489441 0.011004 0.008474
4 0.837013 0.533783 0.013002 0.007875
9 0.899364 0.669999 0.005762 0.004899
9 0.581447 0.402143 0.005101 0.004227
9 0.561205 0.348773 0.006234 0.004971
9 0.571100 0.397962 0.006191 0.005060
2 0.576494 0.402297 0.005615 0.005368
9 0.456289 0.570964 0.006391 0.005923
9 0.561908 0.497054 0.006392 0.005923
9 0.571643 0.463332 0.006700 0.005540
9 0.608856 0.465167 0.006596 0.005486
9 0.598496 0.485904 0.006288 0.004772
1 0.364236 0.673314 0.005893 0.002795
1 0.738434 0.745943 0.004614 0.004267
1 0.890607 0.866790 0.003134 0.005741
1 0.861441 0.529507 0.005533 0.003089
9 0.984244 0.531482 0.005692 0.003625
1 0.944175 0.487645 0.005030 0.004945
9 0.900564 0.863042 0.006005 0.005129
9 0.803199 0.598761 0.005567 0.005129
9 0.809229 0.598956 0.006371 0.004738
9 0.789502 0.514056 0.006005 0.005202
9 0.919889 0.456450 0.006539 0.004891
9 0.864298 0.436924 0.007726 0.005918
9 0.784603 0.450733 0.006242 0.004766
9 0.698567 0.484976 0.006185 0.004877
9 0.722151 0.510891 0.005931 0.004985
9 0.701058 0.547394 0.006391 0.004772
9 0.695388 0.562872 0.006804 0.004499
9 0.903823 0.945173 0.005941 0.005186
9 0.941279 0.898245 0.005824 0.004931
9 0.936216 0.892659 0.005549 0.004597
9 0.953373 0.782621 0.005976 0.004931
9 0.899574 0.692304 0.006829 0.005445
9 0.976800 0.658294 0.006726 0.006279
3 0.929553 0.484038 0.004421 0.005822
3 0.955443 0.423282 0.004675 0.005843
3 0.958681 0.407953 0.004489 0.005519
0 0.955682 0.131911 0.009536 0.006338
0 0.968062 0.123746 0.010183 0.006960
9 0.924853 0.277585 0.005342 0.003415
9 0.320662 0.735065 0.005144 0.003709
1 0.445648 0.942691 0.005404 0.004147
1 0.223586 0.844569 0.005063 0.004220
1 0.171631 0.903519 0.002877 0.005750
1 0.154871 0.651541 0.003079 0.005901
1 0.219993 0.665901 0.005893 0.002584
1 0.062584 0.562855 0.004690 0.004285
1 0.166938 0.429929 0.006068 0.003023
9 0.389680 0.237983 0.005376 0.004157
9 0.690268 0.185008 0.005599 0.003343
9 0.581447 0.083693 0.005352 0.004971
10 0.990790 0.229414 0.007092 0.004982
9 0.927110 0.225764 0.006313 0.005069
9 0.966298 0.112442 0.006700 0.005251
10 0.867055 0.161399 0.006661 0.005873
9 0.751186 0.867963 0.006005 0.004609
9 0.755348 0.779555 0.005829 0.004000
9 0.779159 0.793497 0.005623 0.003945
9 0.764042 0.644438 0.005814 0.004675
9 0.753898 0.689861 0.006433 0.004609
9 0.566075 0.670909 0.006084 0.005235
9 0.482877 0.681715 0.006391 0.004574
9 0.608376 0.735016 0.005979 0.005095
9 0.487968 0.801161 0.006810 0.005326
9 0.434932 0.829190 0.005799 0.005139
9 0.369649 0.841944 0.007044 0.004934
9 0.351696 0.820782 0.006099 0.004343
9 0.307371 0.803910 0.005824 0.005374
9 0.230099 0.670480 0.006228 0.004703
9 0.310386 0.688243 0.006855 0.005258
9 0.377339 0.676819 0.005822 0.004766
9 0.358212 0.603766 0.006313 0.004749
9 0.270705 0.334013 0.006297 0.005179
9 0.308642 0.399375 0.006056 0.005342
9 0.301350 0.459418 0.006237 0.005361
9 0.298472 0.473068 0.005849 0.004759
9 0.330377 0.533951 0.006303 0.005027
9 0.397165 0.480922 0.006088 0.005859
9 0.402598 0.514228 0.006015 0.005393
3 0.699300 0.247353 0.005312 0.005346
1 0.701364 0.189112 0.006196 0.002557
2 0.687599 0.188427 0.006425 0.004651
9 0.521249 0.104702 0.006193 0.004682
3 0.554661 0.022450 0.004856 0.005757
9 0.448790 0.028095 0.006287 0.004661
9 0.310678 0.043944 0.006088 0.003774
9 0.308053 0.047019 0.004955 0.003963
9 0.304243 0.047758 0.005459 0.003963
9 0.375855 0.125572 0.007059 0.005214
9 0.378119 0.133384 0.006539 0.005689
3 0.273798 0.154266 0.004609 0.005524
9 0.099989 0.050873 0.006848 0.005120
9 0.100630 0.045672 0.006193 0.005421
9 0.030198 0.046415 0.006114 0.004989
9 0.061779 0.070602 0.006756 0.004586
9 0.044485 0.097009 0.006005 0.004267
9 0.024849 0.100996 0.005594 0.004586
9 0.070875 0.151701 0.005890 0.003872
9 0.028349 0.159131 0.006404 0.004462
9 0.021918 0.242520 0.005582 0.004885
3 0.180344 0.302572 0.004601 0.006058
9 0.150989 0.334702 0.006190 0.004684
9 0.176939 0.327152 0.006471 0.004383
9 0.051172 0.345422 0.006254 0.004434
9 0.075060 0.436065 0.006784 0.004183
9 0.152266 0.534046 0.006475 0.004868
9 0.159486 0.547670 0.006260 0.004740
9 0.021665 0.517895 0.006320 0.004686
9 0.024533 0.527479 0.005638 0.004686
9 0.037388 0.536588 0.006218 0.005558
9 0.067477 0.578574 0.006147 0.004791
9 0.148903 0.593294 0.006316 0.004541
9 0.016529 0.653165 0.006191 0.004099
9 0.011174 0.669585 0.005645 0.004884
9 0.050803 0.679277 0.006315 0.005101
9 0.135933 0.690796 0.006616 0.004339
9 0.032284 0.688841 0.005249 0.004691
9 0.036679 0.688124 0.005352 0.004639
9 0.062905 0.716538 0.006027 0.004113
9 0.106020 0.723561 0.006382 0.004308
9 0.043870 0.773273 0.006524 0.005171
9 0.099381 0.811980 0.006662 0.005591
9 0.018685 0.910563 0.006186 0.004486
9 0.038333 0.913086 0.005982 0.004579
9 0.027623 0.944435 0.005633 0.004360
9 0.069747 0.972823 0.005620 0.004033
9 0.070762 0.940712 0.006316 0.004465
9 0.157700 0.938710 0.007084 0.004628
9 0.216665 0.899590 0.005765 0.004238
9 0.287168 0.977773 0.005786 0.004285
9 0.296730 0.939977 0.005836 0.004334
9 0.461016 0.889147 0.005809 0.004262
9 0.631010 0.972176 0.006351 0.004572
9 0.665026 0.984000 0.006033 0.004085
1 0.886137 0.234647 0.003241 0.005972
1 0.836490 0.217498 0.005722 0.002631
1 0.713072 0.149859 0.005505 0.003821
1 0.849919 0.164428 0.004331 0.004604
1 0.761350 0.091540 0.005207 0.003840
1 0.705531 0.097622 0.004278 0.005375
1 0.668586 0.088746 0.006186 0.002799
1 0.649990 0.055536 0.004535 0.004987
1 0.671293 0.021051 0.003155 0.005785
1 0.663839 0.024076 0.005195 0.008547
1 0.661861 0.036498 0.003959 0.009475
1 0.664273 0.048862 0.005319 0.008283
1 0.669932 0.059809 0.005258 0.008220
1 0.677106 0.069802 0.005877 0.007429
1 0.685580 0.079303 0.006990 0.006312
1 0.696587 0.083313 0.008849 0.005258
1 0.708712 0.083379 0.008597 0.004077
1 0.720833 0.082128 0.008721 0.004609
1 0.732585 0.079989 0.009215 0.005069
1 0.870494 0.064730 0.005444 0.003377
1 0.931941 0.125776 0.005445 0.004341
1 0.970864 0.134286 0.003048 0.005512
1 0.886494 0.125598 0.005645 0.004891
1 0.880110 0.128146 0.005063 0.004341
1 0.809717 0.235225 0.006037 0.003875
3 0.845859 0.251357 0.004808 0.005570
1 0.879919 0.265621 0.005618 0.003566
1 0.967219 0.325641 0.003715 0.005582
1 0.889543 0.339828 0.005890 0.003867
1 0.892169 0.319672 0.005365 0.004864
1 0.928085 0.371546 0.004146 0.005311
1 0.971162 0.388676 0.005946 0.003398
1 0.867427 0.381747 0.005630 0.003063
1 0.958884 0.455134 0.004051 0.005223
1 0.930733 0.453798 0.003563 0.005423
1 0.947637 0.512198 0.004871 0.004346
1 0.982795 0.519630 0.005808 0.003296
1 0.976822 0.545402 0.004429 0.004569
1 0.939251 0.566496 0.004795 0.004625
1 0.950740 0.589401 0.005317 0.005356
1 0.975661 0.594274 0.004739 0.003942
1 0.965760 0.622156 0.005697 0.002818
1 0.882864 0.668493 0.002561 0.006203
1 0.938012 0.701339 0.003295 0.005654
1 0.913881 0.714441 0.004759 0.004761
1 0.890061 0.775598 0.004894 0.003963
1 0.877712 0.780497 0.004553 0.004628
1 0.922496 0.795415 0.003224 0.005848
1 0.948243 0.831913 0.003675 0.005335
1 0.956760 0.861480 0.004299 0.005172
1 0.922615 0.886443 0.003784 0.005475
1 0.976927 0.950274 0.003310 0.003730
1 0.967295 0.971953 0.004991 0.004131
1 0.939697 0.950695 0.005118 0.003865
1 0.920288 0.967066 0.004890 0.003833
1 0.891096 0.941812 0.004210 0.004894
1 0.906114 0.992832 0.004446 0.004428
1 0.922738 0.990968 0.003865 0.005395
1 0.843974 0.992370 0.003209 0.005447
1 0.838050 0.965874 0.003107 0.005811
1 0.872079 0.908194 0.003107 0.005409
1 0.844991 0.904949 0.004713 0.004283
1 0.809346 0.915238 0.003501 0.005596
1 0.797308 0.949408 0.003346 0.005808
1 0.712801 0.971967 0.004644 0.004309
1 0.681461 0.979852 0.003814 0.005326
1 0.534964 0.962409 0.005090 0.003884
1 0.508331 0.965422 0.005363 0.003520
1 0.459359 0.974627 0.005054 0.004101
1 0.466648 0.917791 0.003499 0.005748
1 0.436557 0.887516 0.005809 0.003025
1 0.413096 0.877351 0.002931 0.006261
1 0.338674 0.882629 0.005832 0.003991
1 0.322470 0.864493 0.003484 0.005916
1 0.304425 0.935214 0.005620 0.003377
