2 0.843226 0.721604 0.006637 0.005623
2 0.218747 0.527641 0.007612 0.007004
2 0.172111 0.584984 0.006898 0.006181
2 0.762172 0.418075 0.005686 0.005217
2 0.713240 0.751943 0.007161 0.006939
4 0.861569 0.829001 0.016491 0.011328
2 0.793055 0.023686 0.008008 0.007689
2 0.980460 0.176417 0.008940 0.007855
2 0.862615 0.296662 0.008318 0.007028
4 0.215724 0.665395 0.007705 0.009390
4 0.947592 0.686989 0.015389 0.006891
4 0.943428 0.627591 0.008151 0.016174
4 0.954586 0.758397 0.012908 0.010232
4 0.801648 0.981359 0.010308 0.011918
4 0.533374 0.969385 0.013143 0.010935
4 0.485937 0.878345 0.014534 0.008177
2 0.782141 0.157255 0.007970 0.007234
4 0.416950 0.892877 0.015091 0.006608
4 0.422717 0.847485 0.015291 0.010336
4 0.617084 0.838449 0.014965 0.007449
2 0.880221 0.135868 0.008818 0.007656
2 0.450330 0.116788 0.007581 0.007165
