2 0.201016 0.615235 0.005290 0.004609
1 0.037729 0.836384 0.003749 0.005349
1 0.008965 0.822474 0.004775 0.004108
1 0.061100 0.805891 0.004185 0.005582
1 0.282336 0.530835 0.003903 0.005548
1 0.225257 0.814530 0.004122 0.005649
1 0.209578 0.826127 0.004564 0.004454
1 0.253629 0.800223 0.005035 0.003322
1 0.252326 0.809119 0.003598 0.005746
1 0.184815 0.836775 0.003961 0.005019
1 0.181030 0.848429 0.003774 0.005423
1 0.128145 0.912814 0.004428 0.004732
1 0.112181 0.909721 0.003570 0.004154
1 0.097956 0.924843 0.004014 0.005365
1 0.066056 0.919751 0.003978 0.004230
1 0.098647 0.905804 0.003759 0.004399
1 0.030278 0.939651 0.005086 0.004001
1 0.034220 0.905680 0.004672 0.004195
1 0.105582 0.976794 0.004158 0.006616
1 0.121998 0.973379 0.003897 0.004417
2 0.169081 0.909503 0.006526 0.005664
1 0.187901 0.895527 0.004523 0.003472
1 0.235606 0.938850 0.003885 0.005522
1 0.241274 0.924431 0.005533 0.003363
2 0.267367 0.892022 0.006040 0.005361
1 0.287150 0.832763 0.004236 0.004780
1 0.223450 0.974058 0.004031 0.005532
1 0.207112 0.972790 0.003787 0.005583
1 0.198878 0.971254 0.003554 0.005405
1 0.191577 0.967399 0.004533 0.004998
1 0.183251 0.970672 0.004438 0.004746
1 0.170786 0.972766 0.004558 0.005430
1 0.214066 0.969878 0.004135 0.005203
1 0.295107 0.929598 0.005469 0.003722
1 0.312651 0.777971 0.003678 0.004600
1 0.295453 0.770834 0.004819 0.004797
1 0.359163 0.756512 0.005031 0.003997
1 0.369544 0.666437 0.004056 0.005349
1 0.420833 0.627451 0.004082 0.005025
1 0.493072 0.601892 0.003668 0.005208
1 0.426462 0.704388 0.004584 0.005634
1 0.421781 0.697808 0.004039 0.005268
1 0.434742 0.683349 0.004354 0.003639
1 0.469627 0.674940 0.003794 0.004822
1 0.499827 0.692107 0.004442 0.004563
1 0.513848 0.790041 0.004491 0.005058
1 0.505440 0.796213 0.003580 0.005381
1 0.508804 0.823752 0.005484 0.003648
1 0.523772 0.873289 0.003863 0.004871
1 0.554501 0.960776 0.005643 0.003107
2 0.481608 0.982527 0.006155 0.004822
2 0.457084 0.916752 0.006143 0.005118
1 0.427781 0.868833 0.005638 0.003754
2 0.429056 0.852934 0.006107 0.005076
1 0.347553 0.772481 0.004467 0.004350
1 0.825006 0.928099 0.005360 0.003865
2 0.814760 0.900838 0.006097 0.005300
1 0.854195 0.866114 0.006368 0.002157
1 0.832911 0.837971 0.004655 0.003895
1 0.837693 0.823165 0.003769 0.004646
1 0.820878 0.811422 0.004076 0.004618
2 0.976977 0.614677 0.006390 0.004970
2 0.922225 0.555566 0.006286 0.005153
2 0.910479 0.476893 0.006087 0.005203
1 0.896817 0.431803 0.003242 0.005795
1 0.904023 0.431613 0.003141 0.005964
1 0.839445 0.431956 0.004433 0.004589
1 0.865845 0.458435 0.002147 0.006176
1 0.857600 0.418539 0.005562 0.003803
1 0.830128 0.414165 0.003559 0.004885
1 0.793489 0.412628 0.003479 0.004811
1 0.987520 0.248275 0.004367 0.005227
1 0.969778 0.184478 0.004135 0.005347
1 0.982422 0.187078 0.004095 0.003913
1 0.989336 0.188366 0.004755 0.004230
1 0.947338 0.175464 0.003777 0.004314
1 0.955807 0.180307 0.004334 0.003468
1 0.932854 0.185664 0.003998 0.004547
1 0.918728 0.193416 0.004534 0.004145
1 0.908062 0.195164 0.004440 0.005076
1 0.789725 0.185323 0.004142 0.004549
1 0.771973 0.126034 0.004354 0.004323
1 0.735979 0.122841 0.003340 0.005051
1 0.727583 0.120963 0.004248 0.004239
2 0.870516 0.638858 0.006841 0.006200
2 0.084191 0.414195 0.007782 0.006412
2 0.914668 0.571360 0.006708 0.006339
2 0.915422 0.584997 0.006529 0.007044
2 0.980708 0.561551 0.006605 0.006683
2 0.935475 0.560292 0.007089 0.006350
1 0.785038 0.033969 0.005348 0.003870
1 0.783638 0.017600 0.003890 0.004136
1 0.828943 0.062487 0.003777 0.004811
1 0.870651 0.083562 0.003920 0.006006
1 0.946441 0.073588 0.004652 0.003997
1 0.893148 0.122920 0.005225 0.003680
1 0.749684 0.851906 0.006814 0.002455
1 0.678105 0.929833 0.005053 0.003655
1 0.822064 0.918324 0.005702 0.002030
1 0.896628 0.982894 0.002666 0.006027
1 0.932246 0.990960 0.003640 0.005085
1 0.919844 0.942337 0.003436 0.005330
1 0.939199 0.869533 0.003882 0.005153
1 0.923588 0.885506 0.003507 0.004797
1 0.758065 0.114356 0.004814 0.006251
1 0.738566 0.564890 0.004246 0.004122
1 0.712362 0.557365 0.004581 0.003335
1 0.671730 0.550880 0.004877 0.003400
1 0.543161 0.937436 0.004864 0.003141
2 0.447623 0.856350 0.005772 0.005079
1 0.934697 0.403378 0.004576 0.003946
1 0.673056 0.441598 0.005608 0.002719
1 0.862891 0.485645 0.003711 0.004209
1 0.691605 0.309720 0.003602 0.004188
1 0.699807 0.272968 0.005108 0.004085
1 0.706627 0.237986 0.004354 0.004385
1 0.937115 0.733482 0.002560 0.007281
1 0.859977 0.950111 0.003297 0.005788
1 0.879000 0.976255 0.003265 0.005474
2 0.450211 0.892539 0.006307 0.005088
1 0.368696 0.969600 0.002561 0.006489
1 0.941915 0.734408 0.002869 0.006264
1 0.952129 0.733671 0.003814 0.005104
1 0.974988 0.735990 0.004240 0.004263
1 0.971153 0.684516 0.003370 0.005483
1 0.965438 0.686965 0.002845 0.003507
1 0.977628 0.694804 0.002919 0.005590
1 0.839349 0.440943 0.003539 0.005555
1 0.653754 0.575006 0.003950 0.003199
1 0.049225 0.840240 0.003873 0.005150
2 0.016088 0.340820 0.006531 0.005398
1 0.236241 0.489340 0.005398 0.004355
1 0.237501 0.499150 0.004587 0.003876
1 0.217724 0.518210 0.004659 0.003904
1 0.211308 0.514687 0.002159 0.006280
1 0.205530 0.512492 0.004344 0.003757
1 0.241012 0.542375 0.004294 0.003960
1 0.265133 0.532518 0.004115 0.005455
1 0.260314 0.540339 0.003862 0.004873
2 0.184322 0.617521 0.006206 0.004930
1 0.079894 0.820824 0.003685 0.006082
1 0.087609 0.813066 0.003873 0.005716
1 0.086010 0.805669 0.004309 0.004951
1 0.087651 0.794385 0.003724 0.005372
1 0.079274 0.789797 0.003996 0.004808
1 0.083872 0.776241 0.003863 0.004892
1 0.090007 0.742265 0.004034 0.004314
1 0.136356 0.770436 0.004223 0.005317
1 0.154626 0.759436 0.004321 0.005016
1 0.170275 0.753077 0.002058 0.006951
1 0.178097 0.750544 0.002656 0.005814
1 0.226375 0.730872 0.005278 0.005284
1 0.260156 0.730308 0.004311 0.004619
1 0.069261 0.823558 0.004652 0.006013
1 0.063889 0.823210 0.003093 0.006047
1 0.723880 0.100130 0.003605 0.003502
1 0.723359 0.086829 0.003769 0.005049
