1 0.732407 0.338011 0.008759 0.004878
4 0.589171 0.810404 0.008337 0.008817
4 0.729883 0.820360 0.005821 0.009356
4 0.788839 0.863325 0.009301 0.005969
4 0.855962 0.887504 0.008686 0.007263
1 0.379375 0.478783 0.003768 0.003516
1 0.382977 0.467539 0.004154 0.010043
1 0.401805 0.442259 0.005240 0.011334
1 0.953798 0.885152 0.005524 0.003509
1 0.724013 0.951927 0.007364 0.005090
1 0.754847 0.918700 0.007110 0.007866
1 0.614096 0.874005 0.009208 0.005774
1 0.114507 0.891966 0.004204 0.006344
1 0.520771 0.986798 0.010350 0.009384
1 0.485659 0.874101 0.007798 0.009525
1 0.562968 0.932179 0.004192 0.009684
1 0.022901 0.300428 0.010043 0.007997
1 0.458435 0.747735 0.007112 0.004265
1 0.113617 0.883122 0.004315 0.010772
1 0.568626 0.186616 0.006844 0.005182
1 0.513964 0.228824 0.006240 0.005797
1 0.542267 0.266825 0.011729 0.004332
1 0.485825 0.337037 0.008758 0.007995
1 0.821205 0.786955 0.007761 0.006519
1 0.794255 0.776400 0.010470 0.006016
1 0.868886 0.861769 0.010184 0.005436
1 0.925535 0.917863 0.004260 0.005785
1 0.900376 0.935296 0.007798 0.003238
4 0.971632 0.894428 0.006246 0.025709
1 0.670437 0.423517 0.011178 0.003890
4 0.192888 0.669496 0.010048 0.008178
1 0.259317 0.471946 0.007580 0.004843
1 0.242982 0.619533 0.004008 0.006612
1 0.245316 0.603767 0.005099 0.003536
1 0.264457 0.045265 0.007791 0.005865
1 0.068611 0.299920 0.007781 0.004843
1 0.592897 0.772917 0.009847 0.004348
1 0.565355 0.774321 0.007012 0.004843
1 0.599876 0.732903 0.006492 0.007594
1 0.732144 0.572323 0.007550 0.007265
