1 0.330632 0.242671 0.004305 0.006483
1 0.918409 0.471418 0.005222 0.004443
1 0.905759 0.459340 0.004126 0.006274
1 0.899186 0.465725 0.004545 0.004498
1 0.966661 0.524796 0.003840 0.005746
1 0.898479 0.600070 0.004347 0.005205
1 0.878218 0.620845 0.006046 0.004211
1 0.907545 0.667918 0.005651 0.004202
1 0.947665 0.681219 0.004653 0.004553
1 0.970304 0.707446 0.003640 0.005502
1 0.872270 0.820460 0.004763 0.005952
1 0.904169 0.831498 0.003221 0.005982
1 0.964875 0.837335 0.003073 0.005900
1 0.833401 0.905376 0.004457 0.004905
1 0.861777 0.913650 0.005543 0.004147
1 0.920139 0.954354 0.004271 0.004737
1 0.928635 0.962488 0.004450 0.005886
1 0.969880 0.996711 0.005769 0.002552
1 0.919490 0.985098 0.004623 0.005220
1 0.851798 0.987071 0.005372 0.005284
1 0.834349 0.968313 0.004498 0.005449
1 0.826692 0.943812 0.005488 0.004928
1 0.782586 0.926111 0.005715 0.004718
1 0.816388 0.870055 0.003683 0.005451
1 0.782470 0.852005 0.004748 0.005647
1 0.738578 0.851146 0.005673 0.003322
1 0.721500 0.858483 0.005076 0.005537
1 0.782124 0.818717 0.004061 0.005449
1 0.752890 0.823353 0.005653 0.003621
1 0.813445 0.807742 0.004620 0.005883
1 0.798197 0.690884 0.004475 0.004902
1 0.852136 0.639424 0.005230 0.004540
1 0.839861 0.461389 0.005435 0.004053
1 0.853210 0.439050 0.005119 0.003788
1 0.808255 0.445995 0.005693 0.004546
1 0.863655 0.402697 0.005467 0.004873
1 0.790531 0.410976 0.003251 0.005815
1 0.759294 0.416860 0.005591 0.004902
1 0.774996 0.358439 0.005267 0.003738
1 0.776535 0.130349 0.002436 0.006743
1 0.830345 0.060393 0.003592 0.005291
1 0.822880 0.061294 0.005673 0.004540
1 0.686453 0.118960 0.002828 0.006023
1 0.682920 0.285073 0.005548 0.003398
1 0.636761 0.286495 0.005154 0.005052
1 0.628880 0.267485 0.004673 0.004868
1 0.687045 0.337077 0.005488 0.003930
1 0.681629 0.352517 0.005556 0.004921
1 0.688561 0.367191 0.005490 0.003489
1 0.719951 0.390939 0.005695 0.004700
1 0.699615 0.494229 0.005868 0.004810
1 0.688107 0.514480 0.004661 0.005068
1 0.642155 0.475641 0.004520 0.004517
1 0.647518 0.446063 0.004006 0.005288
1 0.642136 0.428695 0.005177 0.005288
1 0.631298 0.408219 0.004142 0.005692
1 0.613023 0.440096 0.003657 0.006131
1 0.704200 0.548039 0.005558 0.003416
1 0.658034 0.592074 0.004803 0.004980
1 0.683909 0.593030 0.005508 0.005376
1 0.720199 0.610783 0.004597 0.005777
1 0.724415 0.645701 0.005763 0.003806
1 0.679633 0.646203 0.005415 0.003754
1 0.671762 0.682477 0.004525 0.005128
1 0.760022 0.742411 0.004350 0.004921
1 0.708887 0.985417 0.004818 0.005815
1 0.682658 0.986317 0.003527 0.005182
1 0.657249 0.966011 0.003775 0.005498
1 0.672450 0.956599 0.005365 0.005392
1 0.670736 0.941635 0.005515 0.004124
1 0.700268 0.941766 0.005067 0.005658
1 0.659217 0.902763 0.004244 0.005291
1 0.647713 0.909795 0.005312 0.005182
1 0.616496 0.901868 0.005861 0.002915
1 0.584001 0.929717 0.004725 0.006187
1 0.565049 0.954357 0.005470 0.004390
1 0.564925 0.964800 0.005917 0.004865
1 0.614033 0.874958 0.005485 0.005291
1 0.618536 0.864071 0.004209 0.004888
1 0.576995 0.816415 0.004071 0.005254
1 0.582994 0.744037 0.005758 0.004454
1 0.583449 0.728635 0.005344 0.003790
1 0.652917 0.724083 0.004470 0.005243
1 0.616923 0.719015 0.004926 0.004186
1 0.563870 0.710927 0.003312 0.005909
1 0.641318 0.690324 0.004770 0.004494
1 0.588771 0.671085 0.005658 0.004627
1 0.573766 0.678060 0.003382 0.005952
1 0.547393 0.670587 0.003277 0.005842
1 0.589770 0.648907 0.005390 0.003977
1 0.560151 0.623984 0.006012 0.004131
1 0.608692 0.612461 0.002818 0.006124
1 0.540887 0.608529 0.003933 0.005424
1 0.580172 0.598505 0.003602 0.005909
1 0.561441 0.583082 0.004139 0.005732
1 0.546992 0.534970 0.004588 0.006207
1 0.577072 0.513728 0.005833 0.004555
1 0.532202 0.501802 0.005931 0.004659
1 0.568039 0.487868 0.004127 0.006396
1 0.596795 0.495771 0.003785 0.005939
1 0.531816 0.453694 0.003442 0.006212
1 0.600787 0.398689 0.005590 0.005300
1 0.595637 0.406089 0.003013 0.006214
1 0.587396 0.358987 0.005245 0.005026
1 0.580185 0.350900 0.004557 0.005665
1 0.497351 0.210645 0.005931 0.003290
1 0.611521 0.103603 0.005922 0.003381
1 0.623749 0.017712 0.006360 0.003747
1 0.530017 0.039231 0.003091 0.006030
1 0.484433 0.019996 0.004816 0.005026
1 0.472758 0.022510 0.004472 0.006579
1 0.484433 0.060566 0.003958 0.005573
1 0.470483 0.088937 0.005761 0.004751
1 0.498557 0.112557 0.002833 0.006853
1 0.458642 0.119090 0.004034 0.005667
1 0.453964 0.064312 0.003262 0.006488
1 0.425208 0.101728 0.004463 0.005483
1 0.411859 0.091952 0.005408 0.005300
1 0.400017 0.091588 0.003525 0.006579
1 0.376374 0.079077 0.006796 0.003205
1 0.371867 0.067278 0.005794 0.004264
1 0.386352 0.031263 0.005723 0.003503
1 0.399228 0.025354 0.005723 0.005102
1 0.438273 0.181422 0.003384 0.005869
1 0.401140 0.189222 0.005518 0.003912
1 0.387554 0.207015 0.005171 0.005764
1 0.447080 0.237531 0.003284 0.005923
1 0.382996 0.279719 0.004968 0.004542
1 0.458608 0.351874 0.003099 0.006219
1 0.461470 0.357425 0.004410 0.006028
1 0.477565 0.388803 0.004650 0.004824
1 0.484417 0.407109 0.005966 0.004379
1 0.441825 0.415612 0.003999 0.005394
1 0.401327 0.431926 0.005758 0.004847
1 0.366502 0.420112 0.005422 0.003790
1 0.521688 0.497288 0.003934 0.005647
1 0.498530 0.487263 0.003159 0.007043
1 0.469708 0.513215 0.004174 0.005647
1 0.487383 0.521179 0.005543 0.004950
1 0.497725 0.533996 0.006081 0.004188
1 0.486905 0.565881 0.005305 0.003999
1 0.493642 0.575558 0.004708 0.006472
1 0.510422 0.583711 0.004530 0.005141
1 0.529944 0.593642 0.005066 0.005711
1 0.509055 0.669238 0.006016 0.004872
1 0.489098 0.672701 0.004585 0.005406
1 0.460628 0.654847 0.003156 0.006244
1 0.509449 0.704226 0.004513 0.006016
1 0.484449 0.701904 0.004585 0.005178
1 0.523505 0.717055 0.005300 0.005178
1 0.503507 0.847313 0.005783 0.004758
1 0.498947 0.840651 0.003217 0.006409
1 0.465685 0.833512 0.003577 0.005964
1 0.463211 0.852231 0.005663 0.005330
1 0.486351 0.891680 0.004530 0.004950
1 0.462387 0.878925 0.004172 0.005709
1 0.501331 0.977625 0.004828 0.005330
1 0.443921 0.948842 0.003680 0.005553
1 0.438113 0.934162 0.005971 0.004112
1 0.441562 0.928359 0.005833 0.004114
1 0.431526 0.908164 0.003001 0.006095
1 0.423935 0.900360 0.005002 0.005913
1 0.435627 0.873650 0.003449 0.005738
1 0.387149 0.875298 0.005799 0.004891
1 0.432062 0.843076 0.006317 0.003673
1 0.387134 0.835989 0.003898 0.005692
1 0.391365 0.806239 0.004829 0.005968
1 0.443919 0.800893 0.004483 0.004988
1 0.436041 0.805071 0.005002 0.005141
1 0.403999 0.792647 0.004472 0.005500
1 0.420523 0.756188 0.004114 0.005205
1 0.406992 0.735821 0.004948 0.006092
1 0.392119 0.746290 0.005483 0.004569
1 0.379273 0.719893 0.005783 0.004188
1 0.405085 0.722939 0.003755 0.006345
1 0.420404 0.708662 0.005783 0.005205
1 0.433127 0.698418 0.002870 0.006033
4 0.693711 0.111979 0.014711 0.008647
4 0.756394 0.173752 0.010925 0.008072
4 0.500136 0.328319 0.012342 0.009913
4 0.482605 0.381014 0.010960 0.007269
4 0.553409 0.365344 0.010467 0.009949
4 0.529385 0.446742 0.018578 0.005277
4 0.582168 0.446616 0.014334 0.006237
4 0.730028 0.367901 0.010720 0.008984
4 0.236981 0.037989 0.010070 0.009455
4 0.066192 0.088756 0.010607 0.011109
4 0.086052 0.056425 0.012634 0.010777
4 0.020398 0.031885 0.010918 0.010113
4 0.053498 0.021854 0.012632 0.010944
4 0.629504 0.296046 0.012770 0.006956
4 0.020123 0.355891 0.014613 0.005297
4 0.193012 0.576352 0.012645 0.009995
4 0.149687 0.582758 0.014926 0.005251
4 0.098999 0.641965 0.013760 0.010361
4 0.165070 0.715066 0.013154 0.011673
4 0.138746 0.709324 0.009915 0.013113
4 0.200830 0.824894 0.013019 0.009862
1 0.054691 0.215290 0.002797 0.006549
1 0.093513 0.337873 0.005126 0.005458
1 0.073472 0.374981 0.005873 0.003274
1 0.106143 0.362629 0.004660 0.004762
1 0.419196 0.597191 0.005315 0.003754
1 0.126882 0.222879 0.003821 0.005458
1 0.106516 0.195148 0.004846 0.005557
1 0.123107 0.175602 0.005778 0.003968
1 0.155265 0.171732 0.005964 0.003970
1 0.145617 0.165282 0.006244 0.004169
1 0.098919 0.167962 0.006059 0.004764
1 0.107168 0.157841 0.004101 0.005359
1 0.134945 0.150450 0.003542 0.006648
1 0.079624 0.108530 0.002888 0.006549
1 0.133301 0.111144 0.005126 0.004133
1 0.173540 0.204286 0.006408 0.003101
1 0.217552 0.249590 0.004214 0.005651
1 0.161792 0.293928 0.004272 0.005305
1 0.168617 0.299647 0.004989 0.005718
1 0.184152 0.254860 0.005378 0.004340
1 0.204703 0.278769 0.004279 0.005720
1 0.281475 0.292268 0.003961 0.005293
1 0.248229 0.295865 0.006137 0.004548
1 0.253317 0.321619 0.006059 0.004464
1 0.251648 0.331210 0.005515 0.004464
1 0.253623 0.373048 0.004014 0.006407
1 0.230090 0.383556 0.004731 0.004686
1 0.192451 0.359061 0.005314 0.005444
1 0.179119 0.358820 0.006084 0.004411
1 0.127012 0.371497 0.005566 0.003582
1 0.123222 0.408360 0.006155 0.003032
1 0.157402 0.436369 0.003818 0.004617
1 0.150444 0.447702 0.006086 0.005098
1 0.139246 0.447324 0.005049 0.004753
1 0.177562 0.468304 0.003372 0.006200
1 0.192742 0.472852 0.005896 0.004684
1 0.173614 0.501067 0.004926 0.004893
1 0.170260 0.535483 0.006117 0.004355
1 0.159225 0.550675 0.004545 0.004785
1 0.141038 0.604484 0.003108 0.006035
1 0.101461 0.612586 0.005981 0.003554
1 0.125386 0.623294 0.005671 0.005621
1 0.095559 0.652729 0.003652 0.005954
1 0.103279 0.706126 0.004991 0.005718
1 0.096385 0.687695 0.005443 0.003859
1 0.135514 0.656861 0.003179 0.006132
1 0.132779 0.744904 0.005179 0.005236
1 0.141226 0.735395 0.004854 0.005375
1 0.156664 0.767951 0.004921 0.005444
1 0.164658 0.763197 0.004984 0.004755
1 0.203593 0.771190 0.005826 0.005305
1 0.202752 0.763783 0.006086 0.004409
1 0.130857 0.792454 0.003041 0.006271
1 0.144223 0.797655 0.006603 0.004133
1 0.168983 0.804510 0.004207 0.005582
1 0.147525 0.820530 0.003367 0.005927
1 0.176347 0.823071 0.005903 0.004618
1 0.197449 0.832840 0.004217 0.004886
1 0.150089 0.842875 0.005022 0.004996
1 0.120612 0.853354 0.006042 0.004363
1 0.135639 0.865259 0.004796 0.004505
1 0.122933 0.905192 0.005843 0.005065
1 0.143888 0.894893 0.004382 0.004905
1 0.138763 0.915634 0.005528 0.004220
1 0.189487 0.919048 0.005282 0.005343
1 0.183830 0.925767 0.005507 0.003788
1 0.151304 0.965125 0.004319 0.004307
1 0.197198 0.957282 0.004139 0.005160
1 0.238618 0.939556 0.005094 0.004186
1 0.267874 0.952296 0.004196 0.005024
1 0.202613 0.874487 0.005445 0.004891
1 0.211157 0.892574 0.004021 0.005789
1 0.238052 0.890679 0.004731 0.004617
1 0.208083 0.806413 0.003954 0.005994
1 0.221125 0.826015 0.004407 0.005513
1 0.267070 0.765702 0.005084 0.004880
1 0.267161 0.793860 0.006254 0.003683
1 0.295824 0.803669 0.005530 0.003875
1 0.343859 0.864162 0.003409 0.006009
1 0.300265 0.814033 0.005618 0.005360
1 0.333560 0.811086 0.003730 0.006124
1 0.337134 0.827617 0.005753 0.004450
1 0.349833 0.828885 0.003731 0.006030
1 0.330993 0.775392 0.003613 0.005741
1 0.339139 0.779354 0.006204 0.004594
1 0.349014 0.780616 0.005764 0.004363
1 0.180214 0.733704 0.006473 0.004471
1 0.224876 0.728464 0.005826 0.005169
1 0.219763 0.711135 0.003625 0.006063
1 0.185844 0.704141 0.005177 0.004617
1 0.160438 0.668312 0.005631 0.005029
1 0.183838 0.670758 0.004013 0.006063
1 0.156157 0.635483 0.006036 0.004705
1 0.176235 0.619275 0.002965 0.005941
1 0.243227 0.558190 0.003961 0.005787
1 0.257985 0.512755 0.004272 0.005043
1 0.210838 0.501843 0.003344 0.007029
1 0.272050 0.502674 0.005176 0.005582
1 0.207720 0.452551 0.003582 0.006132
1 0.196319 0.403296 0.005122 0.004813
1 0.227120 0.407024 0.002931 0.006451
1 0.225864 0.438581 0.003191 0.005725
1 0.261979 0.459455 0.003109 0.005876
1 0.268896 0.417474 0.004570 0.005661
1 0.279301 0.422523 0.003826 0.005171
1 0.295303 0.400213 0.005881 0.003262
1 0.286879 0.372959 0.004681 0.004803
1 0.277649 0.342894 0.005091 0.004406
1 0.297995 0.327559 0.003394 0.006256
1 0.302198 0.332605 0.005174 0.005507
1 0.320743 0.334059 0.005671 0.003832
1 0.312008 0.298695 0.005423 0.004668
1 0.323491 0.292392 0.005754 0.004539
1 0.315151 0.255911 0.005796 0.004583
1 0.929591 0.397337 0.002935 0.006212
1 0.333219 0.229058 0.005423 0.004186
1 0.324299 0.217266 0.003973 0.005553
1 0.282290 0.238421 0.005505 0.004935
1 0.286615 0.229563 0.005137 0.004314
1 0.192352 0.229361 0.004918 0.005447
1 0.199851 0.193430 0.005122 0.005394
1 0.212124 0.207338 0.005811 0.004018
1 0.239492 0.218072 0.003432 0.006240
1 0.258222 0.201970 0.005911 0.004811
1 0.272231 0.212308 0.004222 0.005498
1 0.212896 0.126016 0.005137 0.005332
1 0.304681 0.012632 0.006016 0.004284
1 0.311809 0.024424 0.003682 0.005658
1 0.312418 0.101944 0.005961 0.004186
1 0.283806 0.144540 0.005244 0.005068
1 0.318613 0.111688 0.006209 0.003226
1 0.321395 0.127206 0.004520 0.004971
1 0.303440 0.180238 0.006463 0.003437
1 0.309472 0.197952 0.003229 0.006186
1 0.318489 0.187482 0.006260 0.004494
1 0.349732 0.176226 0.002815 0.006304
1 0.321889 0.382251 0.005568 0.003807
1 0.437312 0.475481 0.003855 0.005369
1 0.372334 0.527843 0.005866 0.004601
1 0.395485 0.578225 0.004122 0.005392
1 0.071283 0.635182 0.005966 0.004367
1 0.071328 0.571037 0.004753 0.004663
1 0.063126 0.537105 0.004755 0.005458
1 0.054551 0.536707 0.005126 0.005853
1 0.021881 0.507984 0.005219 0.004762
1 0.021507 0.487247 0.005779 0.005158
1 0.064105 0.494391 0.005778 0.004365
1 0.097940 0.471320 0.006338 0.004659
1 0.019737 0.477375 0.006152 0.003671
1 0.093839 0.434066 0.004473 0.005359
1 0.087035 0.429303 0.005405 0.005952
1 0.072120 0.033570 0.003169 0.007044
1 0.037540 0.162355 0.003914 0.006449
1 0.037167 0.175701 0.005966 0.004167
1 0.911514 0.050418 0.005716 0.003598
1 0.914856 0.063011 0.004139 0.005438
1 0.904869 0.092872 0.004582 0.005047
1 0.929470 0.091673 0.003455 0.006324
1 0.864344 0.187815 0.006385 0.003333
1 0.910196 0.198276 0.003693 0.006264
1 0.943081 0.291409 0.004874 0.004581
1 0.948026 0.328381 0.003695 0.005922
1 0.981912 0.342297 0.005076 0.004066
1 0.976765 0.387268 0.005608 0.003239
1 0.365455 0.685916 0.004635 0.004934
1 0.426358 0.672074 0.005580 0.004477
1 0.432985 0.655130 0.004101 0.006566
1 0.392247 0.640707 0.003179 0.005980
1 0.433377 0.618105 0.003577 0.006134
1 0.422300 0.609459 0.005761 0.004284
1 0.027333 0.966076 0.004941 0.005755
1 0.046348 0.973467 0.005314 0.004664
1 0.097055 0.960817 0.004567 0.005357
1 0.101855 0.951391 0.006152 0.004167
1 0.090764 0.936762 0.005595 0.003859
1 0.016288 0.932837 0.003728 0.006152
1 0.044065 0.933929 0.004473 0.005555
5 0.401329 0.696418 0.005463 0.009428
1 0.094678 0.892307 0.005407 0.004663
1 0.034977 0.886800 0.005685 0.005755
1 0.035583 0.873057 0.006711 0.003274
1 0.036235 0.837637 0.004661 0.005456
1 0.017826 0.825086 0.004568 0.005359
1 0.035162 0.820671 0.006432 0.005061
1 0.098220 0.861202 0.005779 0.003968
1 0.090903 0.843491 0.006059 0.004861
1 0.090716 0.830643 0.004008 0.006152
1 0.072727 0.795668 0.006245 0.004464
1 0.057580 0.796462 0.004846 0.005259
1 0.018105 0.771756 0.004755 0.004861
1 0.030922 0.765307 0.005593 0.005259
1 0.069884 0.738072 0.003542 0.006350
1 0.037913 0.721105 0.005032 0.004367
1 0.024164 0.678937 0.006245 0.005160
1 0.010789 0.664054 0.005779 0.002382
