1 0.795382 0.326628 0.009013 0.006063
1 0.642405 0.112485 0.010272 0.007276
1 0.352473 0.293391 0.006495 0.004525
1 0.372517 0.251244 0.007614 0.004286
1 0.227905 0.244754 0.007054 0.005119
1 0.076350 0.676484 0.005607 0.006202
1 0.943748 0.450266 0.004905 0.004879
1 0.759586 0.286683 0.010715 0.004832
1 0.762958 0.308682 0.010640 0.004735
1 0.837944 0.286437 0.007868 0.005885
1 0.625017 0.183324 0.005509 0.005283
1 0.963135 0.272527 0.005637 0.005100
1 0.941090 0.329924 0.003948 0.004421
1 0.825665 0.390351 0.008208 0.006834
1 0.807662 0.318912 0.008170 0.005511
