1 0.310138 0.219441 0.004814 0.003391
1 0.819876 0.294610 0.005038 0.004135
1 0.791011 0.254425 0.003828 0.005398
1 0.893288 0.332079 0.004328 0.005444
1 0.845950 0.386036 0.005490 0.003926
1 0.969361 0.413961 0.003772 0.006072
1 0.944332 0.396809 0.004042 0.004976
1 0.964797 0.264802 0.002618 0.005251
1 0.877177 0.234386 0.004271 0.004257
1 0.885637 0.457606 0.005760 0.002986
1 0.936620 0.516723 0.002367 0.006430
1 0.857412 0.852149 0.003141 0.005980
1 0.830754 0.917171 0.002153 0.006508
1 0.949026 0.988611 0.002960 0.006129
1 0.978652 0.962701 0.003632 0.005603
1 0.896073 0.948527 0.004298 0.005065
1 0.710471 0.986397 0.003903 0.005311
1 0.718611 0.953263 0.006011 0.003157
1 0.770965 0.887835 0.005699 0.003356
1 0.663931 0.960637 0.002055 0.006380
1 0.654736 0.985777 0.003327 0.005862
1 0.536757 0.988182 0.003295 0.005651
1 0.501904 0.962994 0.002523 0.006678
1 0.469045 0.981308 0.006023 0.002825
1 0.352191 0.937041 0.002583 0.005684
1 0.335856 0.923605 0.002638 0.006488
1 0.271960 0.929692 0.003230 0.005628
1 0.213117 0.920907 0.005065 0.004250
1 0.218862 0.892243 0.005749 0.002825
1 0.014900 0.899147 0.004522 0.004755
1 0.125398 0.782944 0.004485 0.004585
1 0.072562 0.793833 0.002691 0.006299
1 0.096765 0.766294 0.004832 0.004087
1 0.078917 0.729380 0.003242 0.005550
1 0.012137 0.653109 0.005360 0.003689
1 0.042664 0.618313 0.004177 0.005024
1 0.065982 0.586936 0.006233 0.002297
1 0.130394 0.391043 0.004401 0.005263
1 0.157098 0.320807 0.003715 0.005973
1 0.196426 0.282453 0.004223 0.004944
1 0.283796 0.320066 0.004602 0.004427
1 0.262098 0.336055 0.003592 0.004585
1 0.270215 0.309846 0.004447 0.003588
1 0.265509 0.282561 0.003514 0.005383
1 0.268424 0.253971 0.003813 0.004666
1 0.223782 0.272524 0.003831 0.003522
1 0.237222 0.231430 0.003767 0.005282
1 0.238976 0.198859 0.003552 0.006264
1 0.239052 0.182383 0.005581 0.003157
1 0.239654 0.153836 0.004972 0.004186
1 0.183564 0.187096 0.004495 0.004548
1 0.151988 0.163308 0.004185 0.004548
1 0.139082 0.141228 0.003333 0.006210
1 0.100599 0.205187 0.004960 0.004962
1 0.132560 0.122042 0.005329 0.004824
1 0.151614 0.123420 0.005007 0.004018
1 0.123382 0.098989 0.004736 0.004307
1 0.153338 0.093830 0.003051 0.006113
1 0.136481 0.066995 0.003928 0.004983
1 0.121762 0.044794 0.004022 0.005344
1 0.165818 0.040549 0.004960 0.004154
1 0.157991 0.026219 0.004675 0.005178
1 0.163890 0.006766 0.003816 0.004985
1 0.043039 0.007843 0.003816 0.005383
1 0.022293 0.021480 0.004563 0.004744
1 0.020562 0.002412 0.005496 0.003790
1 0.142269 0.011146 0.004665 0.004544
1 0.358353 0.477209 0.003542 0.005791
1 0.354407 0.403930 0.004261 0.005359
1 0.424172 0.419676 0.003103 0.006184
1 0.427655 0.446557 0.004972 0.004386
1 0.450867 0.457660 0.004597 0.004829
1 0.427514 0.476949 0.004467 0.005111
1 0.472878 0.435611 0.002784 0.006614
1 0.461477 0.503685 0.005302 0.004409
1 0.383100 0.500497 0.005281 0.003961
1 0.383215 0.524589 0.005544 0.003444
1 0.388789 0.550945 0.005281 0.003961
1 0.320339 0.558785 0.003365 0.005932
1 0.354694 0.576516 0.003023 0.006292
1 0.393021 0.583049 0.004495 0.004804
1 0.405344 0.604794 0.005115 0.004144
1 0.417358 0.609217 0.005115 0.004721
1 0.546391 0.496747 0.005276 0.003329
1 0.535766 0.464162 0.004899 0.004652
1 0.516842 0.447684 0.005706 0.003273
1 0.384890 0.430115 0.003079 0.004817
1 0.324690 0.360027 0.002991 0.005980
1 0.290768 0.373475 0.003229 0.006129
1 0.242013 0.385031 0.003488 0.005748
1 0.298051 0.441138 0.003181 0.005513
1 0.591589 0.332846 0.004756 0.004307
1 0.561251 0.322763 0.003813 0.005789
1 0.599713 0.303959 0.003948 0.005789
1 0.631838 0.305811 0.005383 0.004068
1 0.669173 0.293033 0.004635 0.004824
1 0.575034 0.291581 0.004082 0.004880
1 0.512393 0.259886 0.003637 0.006221
1 0.468637 0.267979 0.002991 0.006380
1 0.459109 0.294988 0.003679 0.005456
1 0.474225 0.239990 0.004127 0.005311
1 0.463224 0.197407 0.004193 0.005375
1 0.415298 0.219084 0.005387 0.004250
1 0.688287 0.080009 0.004004 0.005925
1 0.712895 0.068361 0.002842 0.006345
1 0.672689 0.047108 0.002878 0.006382
1 0.700051 0.019094 0.004489 0.004865
1 0.712756 0.026601 0.003639 0.005552
1 0.767254 0.495638 0.005295 0.003997
1 0.664883 0.520350 0.004490 0.005024
1 0.652273 0.795930 0.003184 0.005842
1 0.639267 0.740042 0.003491 0.004656
1 0.606663 0.734280 0.003816 0.004689
1 0.543332 0.776847 0.006142 0.002481
1 0.544537 0.751047 0.005279 0.003963
1 0.610989 0.830928 0.005173 0.004548
1 0.545191 0.848800 0.003054 0.005838
1 0.431715 0.867092 0.005790 0.004066
1 0.360878 0.861394 0.004339 0.005210
1 0.238100 0.817689 0.005068 0.003301
1 0.201769 0.833622 0.004261 0.005311
1 0.274447 0.624996 0.004791 0.004365
1 0.488164 0.542142 0.005495 0.004266
1 0.591561 0.470886 0.004683 0.003731
1 0.633328 0.437612 0.004359 0.004939
1 0.698557 0.382026 0.004095 0.004937
1 0.390049 0.282489 0.004205 0.005615
1 0.286711 0.351248 0.004205 0.005031
1 0.473298 0.148122 0.003176 0.006086
1 0.360518 0.105382 0.005744 0.003308
1 0.325019 0.110342 0.004504 0.004962
1 0.368811 0.123613 0.004658 0.005043
1 0.354205 0.161725 0.003177 0.006375
1 0.308044 0.139156 0.005123 0.003225
1 0.287118 0.152262 0.005279 0.004135
1 0.321109 0.187687 0.004419 0.005050
1 0.178274 0.140567 0.004709 0.004498
1 0.556023 0.268464 0.003989 0.005282
1 0.009796 0.629735 0.006106 0.002488
1 0.945955 0.917171 0.003924 0.005502
1 0.508077 0.856186 0.002844 0.006398
1 0.343186 0.801451 0.005027 0.003841
1 0.332000 0.859929 0.004384 0.004137
1 0.408476 0.771700 0.002454 0.004693
1 0.464578 0.773986 0.004240 0.002759
1 0.571501 0.710055 0.004057 0.003984
1 0.520927 0.734479 0.005868 0.003002
1 0.488586 0.675575 0.002377 0.005847
1 0.500398 0.632960 0.002973 0.005378
1 0.514296 0.613147 0.003792 0.005288
1 0.520050 0.688133 0.004963 0.004369
1 0.559859 0.650300 0.004157 0.004702
1 0.683728 0.494207 0.005056 0.004181
1 0.815334 0.280166 0.004783 0.003866
1 0.596239 0.361243 0.005214 0.003676
