1 0.331645 0.021082 0.006644 0.005712
4 0.355046 0.073093 0.007930 0.008715
1 0.314086 0.059294 0.006376 0.006146
1 0.276928 0.092121 0.006290 0.007259
1 0.260231 0.053248 0.007125 0.006337
1 0.281455 0.043065 0.006703 0.006144
1 0.185718 0.033470 0.007548 0.005875
1 0.179403 0.044194 0.006088 0.005335
1 0.143137 0.048348 0.006255 0.005726
1 0.042627 0.025258 0.005661 0.004869
1 0.043394 0.029713 0.006014 0.005163
1 0.063738 0.040385 0.007937 0.006960
1 0.103491 0.037599 0.006503 0.006016
1 0.376283 0.023340 0.006491 0.005657
1 0.427206 0.016909 0.007722 0.006586
1 0.435947 0.031848 0.006835 0.006871
1 0.455341 0.062650 0.005703 0.004536
1 0.456453 0.064851 0.007422 0.005432
1 0.448744 0.102452 0.007171 0.005613
1 0.444025 0.129924 0.008391 0.006735
1 0.314652 0.148420 0.007951 0.006574
1 0.305341 0.144890 0.007351 0.007273
1 0.284636 0.171213 0.008905 0.007975
1 0.338122 0.167360 0.007851 0.007167
1 0.343123 0.169930 0.007698 0.007112
1 0.285046 0.207110 0.006597 0.006089
1 0.286657 0.211070 0.006898 0.004850
1 0.275234 0.219691 0.007201 0.006036
1 0.270705 0.217805 0.006900 0.006680
1 0.477303 0.143560 0.007100 0.004687
1 0.505887 0.112286 0.006744 0.005390
1 0.512252 0.118455 0.006693 0.005119
1 0.547129 0.160829 0.006341 0.005820
1 0.545315 0.157165 0.006344 0.005280
1 0.540258 0.153797 0.006696 0.005873
1 0.438489 0.225036 0.005083 0.005172
1 0.432327 0.230317 0.005137 0.005390
1 0.435771 0.236271 0.006189 0.006519
1 0.359448 0.275891 0.006964 0.006673
1 0.419844 0.271275 0.007181 0.006130
1 0.442813 0.282681 0.005878 0.005354
1 0.435712 0.291720 0.006457 0.006517
1 0.432601 0.296957 0.005724 0.006595
1 0.428430 0.311312 0.005514 0.006905
1 0.462200 0.302777 0.006232 0.006907
1 0.469986 0.273059 0.005587 0.006441
1 0.478033 0.308247 0.006014 0.006363
1 0.276605 0.261957 0.007295 0.006574
1 0.320685 0.296686 0.005987 0.007273
1 0.270646 0.316985 0.006290 0.005524
1 0.265846 0.316918 0.007002 0.005837
1 0.234128 0.315821 0.007687 0.005976
1 0.226882 0.316945 0.008846 0.006673
1 0.233874 0.322921 0.007616 0.005898
1 0.248439 0.325326 0.008340 0.007758
1 0.213562 0.256019 0.007955 0.007867
1 0.132258 0.265415 0.007551 0.005427
1 0.094820 0.324506 0.006210 0.006151
1 0.092827 0.329579 0.005916 0.005972
1 0.068785 0.329571 0.006415 0.007498
1 0.071301 0.330693 0.006081 0.007229
1 0.060524 0.344389 0.007255 0.008219
1 0.081239 0.364505 0.006582 0.007229
1 0.054915 0.405131 0.008408 0.008353
1 0.211917 0.390507 0.008156 0.006358
1 0.943580 0.162705 0.006644 0.005042
1 0.981811 0.150953 0.007950 0.006466
1 0.930236 0.263325 0.009175 0.005570
1 0.941925 0.267632 0.006495 0.004191
1 0.940292 0.241231 0.005524 0.004479
1 0.861385 0.188594 0.006926 0.005421
1 0.890343 0.173237 0.007333 0.004929
1 0.879523 0.064286 0.007078 0.004825
1 0.682245 0.236399 0.006774 0.006349
1 0.739561 0.248004 0.005501 0.005359
1 0.731317 0.252550 0.007333 0.006316
1 0.722927 0.193074 0.009388 0.006144
4 0.801219 0.135521 0.006657 0.005837
4 0.879740 0.032554 0.006424 0.005852
1 0.665685 0.415724 0.007292 0.005857
1 0.660510 0.413887 0.007882 0.006316
1 0.781911 0.415525 0.008257 0.007045
1 0.778977 0.381008 0.008315 0.007130
1 0.779849 0.391775 0.008808 0.007512
1 0.857995 0.361028 0.008633 0.006085
1 0.833705 0.409977 0.008953 0.006604
1 0.877167 0.422897 0.008047 0.006891
1 0.910438 0.417068 0.007887 0.005683
1 0.911859 0.437509 0.008798 0.006948
1 0.959168 0.477765 0.007593 0.004616
1 0.973324 0.496438 0.008236 0.005166
1 0.979199 0.462847 0.006381 0.004249
1 0.779612 0.510827 0.008431 0.005853
1 0.681370 0.442044 0.006662 0.005455
1 0.845203 0.556956 0.007940 0.006085
1 0.868261 0.562813 0.008905 0.006202
1 0.873006 0.529136 0.007566 0.006147
1 0.944308 0.545358 0.007912 0.005382
1 0.958918 0.539746 0.008107 0.005519
1 0.980762 0.535925 0.007014 0.005444
1 0.954928 0.524726 0.006949 0.004554
1 0.921347 0.566766 0.008044 0.006029
1 0.942609 0.679500 0.008267 0.005901
1 0.985495 0.698790 0.008259 0.006539
1 0.985119 0.721179 0.008267 0.005064
1 0.895136 0.834441 0.008418 0.006284
4 0.633367 0.887771 0.007614 0.006661
1 0.596115 0.867594 0.007641 0.007178
1 0.657220 0.861732 0.007819 0.006939
1 0.732647 0.850833 0.007854 0.007774
1 0.788318 0.798267 0.008267 0.005598
1 0.762350 0.764686 0.007978 0.006822
1 0.807803 0.727869 0.007110 0.005172
1 0.875599 0.805324 0.006658 0.006126
1 0.957705 0.923358 0.006653 0.005455
1 0.361323 0.885411 0.008095 0.006948
1 0.399167 0.751579 0.006367 0.005662
1 0.306274 0.700035 0.004506 0.006539
1 0.536755 0.701091 0.006662 0.006937
1 0.565621 0.705924 0.006483 0.006076
1 0.613380 0.699778 0.007606 0.007311
1 0.579041 0.606289 0.008132 0.008470
1 0.533927 0.517680 0.007335 0.005940
4 0.274730 0.721608 0.008740 0.007751
4 0.348725 0.782211 0.006409 0.006367
4 0.376368 0.843058 0.006023 0.006448
4 0.254845 0.559882 0.006756 0.006340
4 0.121710 0.620720 0.006695 0.006939
1 0.165715 0.571307 0.006298 0.007057
1 0.105233 0.515894 0.009031 0.007560
1 0.157335 0.531874 0.005367 0.006124
4 0.020172 0.441752 0.007692 0.006450
4 0.020677 0.512192 0.007237 0.005666
4 0.042789 0.336241 0.006485 0.005871
4 0.017306 0.273481 0.007111 0.006870
4 0.116604 0.282513 0.006389 0.005551
4 0.116305 0.347527 0.006716 0.005540
4 0.087933 0.399775 0.006756 0.005099
4 0.110518 0.420824 0.006242 0.005030
4 0.119115 0.472632 0.006763 0.006833
1 0.077652 0.813223 0.007864 0.007799
1 0.099906 0.778441 0.008042 0.006259
1 0.099504 0.772383 0.008419 0.006317
1 0.106901 0.768995 0.006493 0.005398
1 0.084999 0.853027 0.008365 0.007293
1 0.073313 0.929249 0.007029 0.006717
1 0.077441 0.948427 0.006708 0.005455
4 0.172350 0.744610 0.007244 0.007063
6 0.169969 0.726327 0.007111 0.006340
4 0.510698 0.148239 0.008558 0.008412
4 0.550155 0.243955 0.008049 0.008389
4 0.570704 0.357852 0.007406 0.008555
4 0.582636 0.511306 0.006629 0.007459
4 0.598479 0.575233 0.006657 0.006560
4 0.625231 0.610274 0.007774 0.007560
4 0.839930 0.688156 0.007968 0.007257
4 0.792379 0.626673 0.009170 0.008325
2 0.387416 0.847548 0.005989 0.006799
4 0.737779 0.586951 0.007555 0.007518
4 0.678247 0.533537 0.006331 0.006581
4 0.671744 0.831822 0.006349 0.007273
4 0.665176 0.784213 0.008940 0.005837
4 0.924612 0.771864 0.008887 0.008442
4 0.881639 0.760308 0.008853 0.008785
4 0.895995 0.632044 0.007750 0.007898
1 0.928805 0.362459 0.007414 0.004625
4 0.523191 0.034223 0.005942 0.006363
4 0.173500 0.263307 0.006541 0.007751
1 0.344974 0.205367 0.006882 0.007369
4 0.254936 0.205305 0.007194 0.006650
1 0.646225 0.146885 0.010919 0.008330
1 0.641530 0.135202 0.010114 0.007373
1 0.628831 0.123901 0.015122 0.009864
1 0.634778 0.130318 0.013423 0.010437
1 0.624181 0.119448 0.013692 0.010150
1 0.621050 0.110064 0.014765 0.012450
1 0.771028 0.644442 0.007520 0.005652
1 0.728292 0.644518 0.006577 0.007038
1 0.569148 0.549102 0.006475 0.006098
6 0.187588 0.785809 0.007470 0.013970
1 0.072463 0.921573 0.012528 0.007374
1 0.020245 0.732882 0.007791 0.006698
1 0.027488 0.749207 0.007968 0.006225
1 0.128712 0.710393 0.007576 0.006983
4 0.682823 0.929506 0.009324 0.009178
4 0.745865 0.855300 0.008429 0.008947
1 0.855268 0.761329 0.006465 0.006585
1 0.842846 0.794147 0.007459 0.004389
1 0.709771 0.781917 0.006397 0.005453
1 0.682290 0.804862 0.007702 0.005984
1 0.694245 0.780289 0.007763 0.006317
1 0.626117 0.816451 0.006781 0.005544
1 0.617154 0.733495 0.007844 0.006894
1 0.669726 0.726095 0.007452 0.006917
1 0.741493 0.691316 0.007751 0.006544
1 0.601162 0.605120 0.006334 0.007342
1 0.573225 0.478298 0.007148 0.006117
1 0.589776 0.420280 0.007707 0.006983
1 0.523532 0.423579 0.006769 0.005653
1 0.519619 0.408412 0.006271 0.005779
1 0.494066 0.423086 0.006577 0.006158
1 0.438607 0.396131 0.007141 0.006533
1 0.412756 0.383576 0.007090 0.007038
1 0.406623 0.400756 0.006728 0.005818
1 0.427015 0.383188 0.006004 0.006039
1 0.361286 0.418152 0.011930 0.008846
1 0.616900 0.261614 0.005433 0.004046
1 0.737930 0.492457 0.007017 0.006252
1 0.713891 0.471485 0.006505 0.006234
1 0.859482 0.445846 0.016247 0.012210
1 0.869490 0.372305 0.017002 0.011300
1 0.883486 0.353871 0.015481 0.012162
1 0.815117 0.362202 0.015928 0.011971
1 0.804562 0.298499 0.008013 0.005586
1 0.750942 0.302221 0.015990 0.010112
1 0.719873 0.308886 0.013092 0.009653
1 0.729425 0.168432 0.010303 0.006482
1 0.739664 0.179740 0.008370 0.007585
1 0.708371 0.191943 0.009916 0.005791
1 0.692523 0.212770 0.010420 0.008274
1 0.644795 0.104749 0.008773 0.006608
1 0.646002 0.114086 0.011009 0.007852
1 0.638490 0.104605 0.010293 0.008045
1 0.731259 0.068071 0.015656 0.011532
1 0.039645 0.045521 0.011217 0.007447
