4 0.692910 0.920376 0.008738 0.008019
4 0.966233 0.080256 0.007994 0.007758
4 0.474626 0.529155 0.008940 0.004506
4 0.502533 0.522228 0.007791 0.004948
4 0.506154 0.486489 0.009349 0.006322
4 0.705117 0.744936 0.009018 0.006660
4 0.684345 0.778881 0.008370 0.007579
4 0.318088 0.838542 0.008491 0.007886
4 0.394286 0.632353 0.008715 0.007144
6 0.749797 0.861426 0.012189 0.009317
4 0.634810 0.184042 0.007511 0.005742
4 0.207282 0.768670 0.008567 0.005720
4 0.152115 0.686725 0.009084 0.005995
4 0.237194 0.824201 0.009527 0.006363
4 0.559018 0.971054 0.007623 0.007579
4 0.647295 0.624996 0.006824 0.007099
4 0.576081 0.727682 0.008853 0.007636
4 0.516010 0.908071 0.008454 0.010121
4 0.349911 0.939081 0.008666 0.008058
