3 0.036903 0.821167 0.004905 0.005369
3 0.024784 0.826098 0.004374 0.003819
3 0.020385 0.829448 0.004869 0.004080
3 0.260168 0.925693 0.005305 0.004962
3 0.263277 0.912112 0.005181 0.005354
3 0.271935 0.922755 0.005425 0.006005
4 0.730023 0.897992 0.006911 0.006263
1 0.549815 0.098720 0.008058 0.010726
1 0.623241 0.663268 0.011088 0.011084
1 0.722503 0.434678 0.008552 0.009505
1 0.671159 0.426180 0.010781 0.010437
1 0.632492 0.409776 0.010919 0.010197
1 0.739000 0.330389 0.010314 0.009244
1 0.701327 0.285539 0.011519 0.009375
4 0.772369 0.898320 0.006758 0.006371
3 0.234571 0.795006 0.005035 0.004733
3 0.236679 0.799875 0.004475 0.004462
3 0.238253 0.804610 0.004578 0.004136
3 0.233554 0.806895 0.004121 0.005113
3 0.239473 0.810105 0.004679 0.004244
6 0.595213 0.332580 0.009089 0.011432
3 0.028294 0.813931 0.003916 0.004423
3 0.022614 0.820544 0.004129 0.004272
1 0.490908 0.210039 0.005222 0.005357
1 0.490198 0.205005 0.010005 0.005080
3 0.030023 0.820638 0.004975 0.004387
3 0.033323 0.827326 0.004446 0.004537
