1 0.268531 0.825066 0.009592 0.008750
1 0.219142 0.747783 0.009108 0.009260
1 0.259846 0.794240 0.010005 0.009225
1 0.347109 0.719130 0.010005 0.008434
4 0.329323 0.800782 0.008430 0.007948
4 0.472407 0.628489 0.008893 0.008544
4 0.685695 0.571641 0.007977 0.007379
4 0.765443 0.622784 0.007726 0.007786
4 0.569683 0.820671 0.008362 0.006684
4 0.689716 0.836142 0.009198 0.007863
4 0.899710 0.803050 0.008070 0.007143
1 0.368468 0.479215 0.008852 0.009144
1 0.180817 0.612848 0.009883 0.008203
1 0.205258 0.668869 0.010494 0.008778
1 0.088525 0.666143 0.008388 0.009576
1 0.636047 0.750682 0.010499 0.010042
1 0.739844 0.745710 0.011185 0.008779
1 0.723304 0.738926 0.011035 0.008779
1 0.709855 0.733698 0.010662 0.009178
4 0.903525 0.616435 0.011407 0.009497
1 0.014339 0.937052 0.009376 0.008792
1 0.935849 0.494240 0.009813 0.008062
1 0.984277 0.476420 0.009030 0.009003
1 0.968380 0.669904 0.011713 0.006513
1 0.887418 0.654294 0.010015 0.008811
1 0.833862 0.647974 0.009299 0.007660
1 0.867023 0.716716 0.008650 0.008778
1 0.975441 0.756434 0.009754 0.007781
1 0.959532 0.900569 0.009054 0.007648
1 0.902520 0.944616 0.010096 0.008369
1 0.378217 0.034319 0.008111 0.010206
4 0.830195 0.449724 0.009992 0.009649
1 0.111027 0.566474 0.009648 0.008820
1 0.841388 0.157547 0.010051 0.008965
1 0.810760 0.035461 0.009452 0.009424
1 0.707085 0.980164 0.011193 0.009370
4 0.468397 0.873836 0.007669 0.005986
1 0.376512 0.948635 0.008427 0.009785
1 0.318842 0.882467 0.010057 0.008182
1 0.334813 0.904694 0.009296 0.008853
1 0.309213 0.905264 0.009027 0.008956
4 0.246182 0.974117 0.007193 0.006412
1 0.292808 0.951456 0.009203 0.007847
4 0.286805 0.909942 0.007913 0.006621
1 0.219351 0.851702 0.009221 0.008383
4 0.977636 0.591784 0.010580 0.008938
1 0.034039 0.893297 0.008234 0.007449
1 0.026448 0.874624 0.009263 0.008277
1 0.011888 0.836042 0.009605 0.008731
1 0.447794 0.845656 0.006746 0.009048
1 0.207111 0.712669 0.008402 0.007444
1 0.920414 0.288220 0.011040 0.007276
1 0.928558 0.292014 0.010807 0.006134
1 0.982199 0.292090 0.008621 0.007854
1 0.951707 0.310277 0.010036 0.008275
1 0.915044 0.407276 0.010672 0.006310
1 0.939497 0.373208 0.009803 0.007524
1 0.931391 0.345303 0.009496 0.008270
1 0.880111 0.350732 0.009977 0.008268
1 0.888689 0.310645 0.011451 0.007856
4 0.816195 0.343931 0.007264 0.007110
1 0.719228 0.951246 0.010171 0.008062
1 0.729022 0.927344 0.010101 0.007648
1 0.632060 0.979087 0.009581 0.008186
1 0.591960 0.984539 0.010267 0.007203
1 0.638857 0.925546 0.009263 0.008608
1 0.665699 0.889588 0.009635 0.008832
1 0.641243 0.848859 0.008893 0.008135
1 0.633534 0.800110 0.008756 0.008612
1 0.614525 0.801041 0.008948 0.008958
1 0.597029 0.796217 0.010230 0.007028
1 0.560916 0.851266 0.009006 0.008671
1 0.520222 0.827604 0.010036 0.007774
4 0.874848 0.920558 0.007452 0.006546
1 0.964226 0.835114 0.009816 0.007578
1 0.859695 0.852406 0.006883 0.006960
1 0.871596 0.849375 0.009071 0.009164
1 0.884334 0.854129 0.011257 0.005994
6 0.945528 0.041598 0.012615 0.008406
4 0.846298 0.965977 0.008337 0.007201
1 0.370800 0.624352 0.010228 0.008551
1 0.899859 0.591341 0.009226 0.008228
1 0.835386 0.603188 0.009004 0.007870
1 0.850503 0.587115 0.008782 0.008823
1 0.917367 0.568422 0.009560 0.007631
1 0.951105 0.552587 0.008337 0.009061
1 0.743097 0.567464 0.009328 0.008268
1 0.826672 0.412855 0.009076 0.007372
1 0.712101 0.663181 0.009819 0.008633
1 0.693851 0.654252 0.009079 0.008434
1 0.563111 0.755634 0.010621 0.008268
1 0.360912 0.809653 0.010165 0.009302
1 0.487846 0.437357 0.009418 0.009434
1 0.336621 0.502963 0.009832 0.007847
1 0.342418 0.404082 0.008443 0.009958
1 0.393916 0.258044 0.012543 0.007693
1 0.094010 0.353163 0.006208 0.013195
1 0.029768 0.330590 0.006484 0.012502
1 0.065055 0.654422 0.008415 0.009480
1 0.287599 0.620581 0.009265 0.008542
