1 0.292298 0.619730 0.012409 0.007319
1 0.738095 0.141799 0.009912 0.009051
1 0.754779 0.167355 0.009915 0.009689
1 0.787002 0.200567 0.009915 0.009119
1 0.862763 0.064448 0.009597 0.010121
1 0.671985 0.161637 0.009836 0.009554
1 0.630583 0.170831 0.009774 0.009753
1 0.646843 0.123402 0.010092 0.009214
1 0.601740 0.117950 0.010180 0.010058
1 0.592534 0.100533 0.009650 0.009782
1 0.559602 0.093516 0.010180 0.008825
1 0.522709 0.076490 0.009579 0.008896
1 0.528142 0.049242 0.011480 0.006863
1 0.462275 0.042641 0.009990 0.008675
1 0.380689 0.038961 0.011286 0.008067
1 0.332296 0.036708 0.010697 0.008935
1 0.174352 0.077946 0.010851 0.008146
1 0.086337 0.006904 0.009745 0.009332
1 0.046874 0.070339 0.008632 0.009489
1 0.304178 0.130696 0.012705 0.006918
1 0.355867 0.148394 0.011015 0.007798
1 0.492951 0.123903 0.010092 0.009609
1 0.496667 0.154770 0.007638 0.010049
1 0.515623 0.153698 0.009995 0.009884
1 0.531836 0.157516 0.009021 0.009719
1 0.564299 0.165338 0.009776 0.010026
3 0.797763 0.084732 0.004468 0.005011
3 0.776896 0.072776 0.004863 0.005023
3 0.738442 0.105478 0.004121 0.003844
3 0.685386 0.053373 0.003502 0.003619
1 0.490241 0.045976 0.009265 0.008395
1 0.314227 0.019888 0.011812 0.006102
1 0.146358 0.178771 0.009610 0.008054
1 0.219153 0.159497 0.010912 0.007742
1 0.295855 0.196280 0.010630 0.009563
1 0.294809 0.223646 0.011013 0.008923
1 0.332583 0.257826 0.010450 0.009291
1 0.021059 0.283387 0.009820 0.008879
1 0.063075 0.293665 0.010075 0.008467
1 0.078034 0.335161 0.010845 0.007916
1 0.088403 0.475947 0.010375 0.009702
1 0.115811 0.497820 0.009776 0.009335
1 0.111581 0.551112 0.010972 0.009295
3 0.133457 0.581903 0.004741 0.005170
3 0.148763 0.595174 0.004700 0.004712
3 0.174102 0.624282 0.004715 0.004612
1 0.176957 0.604863 0.009434 0.009432
1 0.218819 0.622751 0.011115 0.007565
1 0.232675 0.649769 0.009524 0.008139
1 0.273358 0.668612 0.009419 0.009186
1 0.118782 0.685623 0.010602 0.008179
1 0.115081 0.766061 0.010476 0.009407
1 0.009168 0.854723 0.009193 0.009116
1 0.034373 0.877632 0.010354 0.008307
1 0.041240 0.904894 0.010198 0.009304
1 0.088986 0.974304 0.007455 0.006321
1 0.091602 0.896260 0.010498 0.009365
1 0.067123 0.734975 0.009597 0.008618
1 0.012998 0.654747 0.011147 0.008761
1 0.064746 0.163272 0.010877 0.008930
1 0.196428 0.260628 0.009972 0.008414
1 0.202417 0.292148 0.010195 0.008851
1 0.238970 0.342367 0.010401 0.008947
1 0.276858 0.356816 0.010074 0.010400
1 0.188373 0.472294 0.009588 0.009416
1 0.245286 0.463653 0.010714 0.008670
1 0.333471 0.591038 0.011643 0.007458
4 0.343393 0.637111 0.009257 0.007451
1 0.367051 0.644755 0.009791 0.009556
1 0.276568 0.727877 0.009885 0.008972
1 0.276902 0.783624 0.009486 0.010002
4 0.441222 0.943162 0.007507 0.007349
4 0.442570 0.714325 0.009051 0.008747
4 0.560012 0.626807 0.010751 0.011586
4 0.748710 0.432551 0.010059 0.009491
4 0.610819 0.477256 0.012286 0.013056
4 0.964015 0.154713 0.008435 0.009325
6 0.876920 0.371031 0.011136 0.010219
6 0.897167 0.744778 0.011254 0.010574
1 0.151407 0.602492 0.009462 0.009019
4 0.211245 0.851325 0.007905 0.007372
1 0.232157 0.866934 0.009427 0.009244
4 0.300286 0.932324 0.008797 0.008851
1 0.402714 0.829185 0.009589 0.009135
1 0.358405 0.732305 0.009802 0.009130
1 0.406953 0.624000 0.010542 0.008965
1 0.387866 0.581302 0.009106 0.010221
1 0.347167 0.533094 0.010606 0.008325
1 0.439412 0.481499 0.011191 0.008598
1 0.331652 0.376503 0.010601 0.009360
3 0.346375 0.354420 0.004154 0.004686
1 0.486286 0.296975 0.010542 0.009302
1 0.414584 0.372076 0.010714 0.009188
1 0.450446 0.403722 0.009962 0.008907
1 0.434538 0.395999 0.011890 0.006321
1 0.311106 0.797037 0.009920 0.008775
1 0.838816 0.684861 0.010928 0.008786
1 0.814727 0.532510 0.010938 0.008107
1 0.879180 0.666873 0.009486 0.009507
4 0.918679 0.304303 0.009257 0.007654
1 0.837579 0.647625 0.011088 0.008384
1 0.560463 0.209596 0.010890 0.009523
1 0.524234 0.256673 0.009486 0.007616
1 0.958260 0.776604 0.010124 0.008728
4 0.958595 0.579776 0.007678 0.007272
4 0.973948 0.427117 0.007488 0.006960
4 0.894462 0.472619 0.007913 0.007579
4 0.730236 0.329552 0.009331 0.009286
1 0.543654 0.380254 0.010542 0.009377
1 0.646270 0.327617 0.011571 0.009072
1 0.570079 0.324770 0.010349 0.009165
1 0.596015 0.300479 0.010799 0.009102
1 0.680616 0.257125 0.009534 0.009474
4 0.861579 0.803439 0.007416 0.007509
4 0.950366 0.860400 0.008303 0.006488
4 0.882434 0.988374 0.007123 0.006832
4 0.781261 0.910168 0.008368 0.006858
1 0.672870 0.882686 0.008519 0.009568
4 0.687464 0.704418 0.008843 0.007867
1 0.615019 0.597438 0.009969 0.009051
4 0.580050 0.876748 0.007723 0.007321
