2 0.021698 0.344779 0.007596 0.006373
3 0.044019 0.390710 0.004864 0.005249
1 0.015549 0.398930 0.004156 0.003960
1 0.022382 0.395519 0.003478 0.003848
3 0.051237 0.418979 0.004710 0.004478
3 0.086066 0.436868 0.005090 0.004744
3 0.124589 0.429274 0.004875 0.005316
3 0.222505 0.383877 0.004285 0.004546
1 0.055160 0.570638 0.003790 0.003154
1 0.059373 0.605197 0.003590 0.004285
1 0.030563 0.637806 0.004384 0.003871
3 0.029833 0.680004 0.005131 0.005027
2 0.042438 0.767709 0.007436 0.005856
3 0.009495 0.685434 0.004672 0.005123
2 0.044402 0.871785 0.008078 0.006315
1 0.160635 0.660042 0.004758 0.003628
1 0.139814 0.654477 0.003826 0.003513
1 0.180426 0.642873 0.003268 0.002477
1 0.182648 0.636368 0.003567 0.002830
1 0.198589 0.652180 0.003455 0.002398
1 0.203177 0.659177 0.003790 0.002357
2 0.041820 0.614248 0.006553 0.004976
1 0.288689 0.878876 0.003483 0.008922
1 0.293322 0.895990 0.003417 0.008771
1 0.299674 0.913753 0.003790 0.010726
1 0.304541 0.928506 0.004308 0.011204
1 0.308146 0.939571 0.002600 0.006141
1 0.206201 0.966661 0.003391 0.010825
1 0.195955 0.933464 0.003852 0.008277
1 0.190332 0.919697 0.004006 0.009021
1 0.184131 0.904938 0.003928 0.008442
1 0.178315 0.891047 0.004313 0.008275
1 0.172036 0.879017 0.004854 0.008691
1 0.294453 0.837121 0.011289 0.004135
1 0.311118 0.831638 0.010700 0.004077
1 0.327407 0.826873 0.012036 0.004537
1 0.346826 0.820614 0.009149 0.003503
1 0.363598 0.815877 0.008667 0.003905
1 0.381304 0.808096 0.010485 0.004880
1 0.364305 0.697044 0.004821 0.002548
1 0.368285 0.708343 0.004050 0.003101
1 0.349455 0.759091 0.003466 0.002977
1 0.357119 0.756776 0.004006 0.002810
1 0.278212 0.793451 0.014514 0.003651
1 0.295256 0.790488 0.009314 0.004064
1 0.315926 0.785492 0.012140 0.004135
1 0.349694 0.777087 0.018431 0.005649
1 0.330820 0.781909 0.010470 0.004548
1 0.369710 0.717439 0.005722 0.002631
1 0.376137 0.727468 0.005202 0.002593
1 0.345120 0.643637 0.003433 0.002631
1 0.330735 0.648790 0.002764 0.002488
2 0.274938 0.565876 0.007606 0.006403
2 0.279387 0.596138 0.007090 0.005599
2 0.143469 0.618868 0.007895 0.006200
2 0.138975 0.585071 0.006870 0.005580
2 0.103358 0.588118 0.006642 0.005502
1 0.286535 0.238696 0.003864 0.003271
1 0.298645 0.230761 0.003122 0.002633
1 0.274514 0.316126 0.003254 0.003643
1 0.288579 0.315935 0.003122 0.004025
1 0.278058 0.304356 0.003656 0.003450
1 0.269050 0.291727 0.003433 0.004073
2 0.221009 0.286882 0.006390 0.005343
2 0.137939 0.319301 0.006910 0.006030
1 0.075347 0.121332 0.004570 0.002111
1 0.221696 0.163767 0.004178 0.003961
1 0.222980 0.169911 0.004072 0.003159
1 0.226192 0.175679 0.003960 0.002876
1 0.226461 0.134833 0.004161 0.003060
1 0.258112 0.109342 0.003935 0.002991
1 0.412547 0.234964 0.003656 0.003970
1 0.424023 0.235987 0.002318 0.003924
1 0.434075 0.229432 0.002808 0.003636
1 0.237972 0.007420 0.004867 0.002989
1 0.330624 0.087795 0.004590 0.003205
1 0.201229 0.120343 0.007712 0.003922
1 0.276999 0.194132 0.011665 0.005980
3 0.303208 0.196405 0.005238 0.005900
1 0.358903 0.187239 0.004953 0.002777
1 0.640711 0.012667 0.004108 0.004239
3 0.790503 0.091982 0.005438 0.005885
2 0.347157 0.338298 0.005917 0.005164
2 0.354834 0.376380 0.006425 0.005291
1 0.491487 0.094269 0.004158 0.003094
2 0.523677 0.749818 0.006687 0.006124
1 0.340163 0.619138 0.003437 0.002396
1 0.227028 0.547555 0.004146 0.002350
1 0.253701 0.241015 0.004006 0.003404
1 0.337143 0.245310 0.004120 0.003451
1 0.459379 0.216556 0.002674 0.004976
1 0.464595 0.209810 0.004102 0.003157
2 0.778179 0.911307 0.006296 0.005925
2 0.770988 0.907724 0.005913 0.004686
2 0.915522 0.911708 0.005029 0.005396
2 0.869695 0.839567 0.006464 0.006221
2 0.742298 0.802437 0.006464 0.005886
2 0.677620 0.328784 0.008152 0.007510
1 0.346209 0.495954 0.003493 0.003752
1 0.375439 0.456366 0.003678 0.002950
1 0.381383 0.449148 0.003531 0.002631
1 0.389415 0.469050 0.002787 0.002750
1 0.345503 0.394514 0.003344 0.004066
1 0.357373 0.392181 0.003457 0.003150
1 0.328443 0.369518 0.003377 0.003127
1 0.359354 0.360711 0.003839 0.002392
1 0.292596 0.268165 0.004189 0.003064
1 0.201418 0.312443 0.003638 0.003508
1 0.255968 0.507949 0.003691 0.003329
1 0.279961 0.521672 0.002889 0.003790
1 0.253160 0.523423 0.003531 0.003273
1 0.269663 0.520544 0.003102 0.003680
1 0.271642 0.546325 0.003209 0.002761
1 0.269503 0.543225 0.003744 0.003680
2 0.280931 0.548857 0.007448 0.006132
1 0.037459 0.580590 0.004280 0.002206
1 0.051560 0.612360 0.004050 0.003189
3 0.287224 0.293268 0.004077 0.004652
1 0.477109 0.139793 0.003344 0.002585
1 0.473609 0.139242 0.003209 0.002345
1 0.568108 0.093422 0.002889 0.002704
1 0.271745 0.506677 0.003691 0.002934
2 0.175534 0.516894 0.007022 0.006021
2 0.161463 0.490746 0.007669 0.006221
2 0.202600 0.053675 0.007062 0.006545
1 0.122339 0.006519 0.003008 0.005422
1 0.113980 0.018281 0.003752 0.003590
1 0.067962 0.049373 0.004225 0.003216
1 0.056507 0.050953 0.005029 0.003216
1 0.046020 0.054139 0.004392 0.002814
1 0.401444 0.047445 0.004310 0.002911
1 0.441151 0.018672 0.003905 0.002929
1 0.462549 0.010002 0.004762 0.002699
2 0.682841 0.060572 0.007213 0.006081
1 0.369639 0.523059 0.002942 0.003398
1 0.294203 0.676345 0.004120 0.002593
1 0.285317 0.667666 0.003691 0.002437
1 0.204134 0.679551 0.003532 0.003069
1 0.209966 0.675045 0.003384 0.002433
1 0.201250 0.678419 0.002935 0.002830
1 0.092861 0.054293 0.004597 0.003733
1 0.081895 0.034507 0.004595 0.002727
1 0.214178 0.016985 0.004521 0.003026
1 0.111840 0.068974 0.004422 0.002552
1 0.142713 0.140066 0.004242 0.011160
2 0.128122 0.142651 0.006192 0.005851
2 0.019093 0.023426 0.007312 0.005838
2 0.017051 0.128955 0.006390 0.005185
1 0.049612 0.128844 0.004164 0.003032
1 0.062969 0.128305 0.003975 0.002670
1 0.080521 0.124378 0.004334 0.004353
1 0.171760 0.130126 0.004199 0.003195
1 0.172075 0.149032 0.004235 0.002392
1 0.153964 0.197836 0.004582 0.003825
1 0.156208 0.203950 0.004489 0.003494
1 0.157602 0.208901 0.003872 0.003161
1 0.159569 0.236646 0.004550 0.003226
1 0.096141 0.242151 0.004867 0.002995
1 0.179971 0.205976 0.004800 0.002991
1 0.174711 0.217622 0.003889 0.002791
1 0.175294 0.219650 0.004156 0.003232
3 0.203517 0.241404 0.005783 0.006120
1 0.190774 0.269092 0.004616 0.004486
1 0.141590 0.275281 0.004669 0.003014
2 0.013218 0.331716 0.006902 0.006545
2 0.222506 0.658118 0.005946 0.005100
2 0.724090 0.206713 0.007923 0.007239
2 0.556076 0.867909 0.004734 0.004895
2 0.841251 0.659212 0.005060 0.005259
0 0.874502 0.664560 0.014461 0.003885
0 0.873136 0.661681 0.010482 0.003103
0 0.871791 0.658550 0.009248 0.002716
0 0.871326 0.649433 0.015857 0.006871
0 0.870346 0.646909 0.015237 0.007032
0 0.868693 0.644806 0.015651 0.007703
0 0.867041 0.642062 0.014927 0.007315
0 0.865053 0.639593 0.014979 0.007487
0 0.863400 0.637047 0.014463 0.006816
0 0.862293 0.635189 0.014105 0.007762
0 0.861155 0.632364 0.013998 0.007094
0 0.858365 0.628202 0.012952 0.007882
0 0.857127 0.626379 0.013894 0.008091
0 0.833943 0.640148 0.008009 0.004273
0 0.832782 0.637931 0.007853 0.004372
2 0.913301 0.589616 0.005163 0.005681
0 0.947817 0.578813 0.009764 0.008148
0 0.938692 0.568759 0.008619 0.008380
0 0.887117 0.593704 0.009822 0.009338
0 0.884144 0.590192 0.009970 0.009019
0 0.861179 0.811065 0.010558 0.002315
0 0.861143 0.816333 0.009145 0.001835
0 0.861253 0.820841 0.007733 0.001757
0 0.862331 0.824632 0.010483 0.002155
0 0.988075 0.542449 0.010540 0.006053
2 0.990526 0.536431 0.005636 0.005321
2 0.317001 0.305721 0.006156 0.004716
1 0.257665 0.287099 0.003313 0.003188
1 0.259386 0.304268 0.003481 0.003733
1 0.217703 0.307803 0.004263 0.003742
1 0.216812 0.056610 0.004263 0.002771
1 0.217911 0.067045 0.003356 0.002499
2 0.348876 0.654391 0.005379 0.004425
1 0.308828 0.651158 0.003120 0.003273
3 0.266063 0.670768 0.004823 0.004478
1 0.262201 0.442341 0.004102 0.004264
1 0.266481 0.427798 0.003478 0.004259
1 0.251822 0.423061 0.003136 0.004068
1 0.336468 0.227482 0.004055 0.003163
1 0.364127 0.236767 0.003037 0.002966
