2 0.399683 0.611480 0.004861 0.004753
2 0.430017 0.682744 0.004894 0.004523
2 0.435270 0.695555 0.005514 0.004989
2 0.529497 0.894827 0.006754 0.004989
2 0.333811 0.487737 0.004696 0.005389
2 0.323448 0.465757 0.005630 0.005543
2 0.317980 0.480750 0.005091 0.005043
2 0.244650 0.412913 0.006258 0.006251
2 0.242064 0.394153 0.006023 0.006067
2 0.212397 0.398663 0.006617 0.006305
1 0.343397 0.351746 0.006007 0.007137
1 0.385369 0.338304 0.003866 0.007357
2 0.346378 0.311390 0.005809 0.005080
2 0.419333 0.575240 0.005782 0.005218
2 0.405489 0.430414 0.006247 0.005655
2 0.379806 0.427070 0.005676 0.004491
1 0.516904 0.989878 0.005888 0.005387
0 0.545252 0.981795 0.013917 0.009423
0 0.557884 0.973407 0.009635 0.006665
0 0.566234 0.896444 0.016513 0.023559
0 0.570026 0.893667 0.013747 0.018005
0 0.575825 0.892135 0.011607 0.016855
0 0.590366 0.885049 0.004112 0.005554
0 0.587021 0.878105 0.005628 0.006991
0 0.584166 0.886341 0.010980 0.018099
1 0.816678 0.918706 0.005063 0.004398
1 0.747994 0.880334 0.004463 0.004551
2 0.836347 0.763415 0.006867 0.005598
2 0.795385 0.747673 0.005628 0.005044
2 0.789008 0.749669 0.005784 0.004379
2 0.788726 0.965998 0.005895 0.005451
2 0.173839 0.587543 0.005681 0.005359
2 0.176013 0.599044 0.005379 0.004897
0 0.585460 0.919476 0.010179 0.022696
0 0.580775 0.922205 0.010446 0.021642
0 0.564094 0.902334 0.014015 0.020973
0 0.575780 0.922252 0.009375 0.015992
0 0.562519 0.913988 0.011063 0.021739
1 0.099520 0.733326 0.004529 0.005595
2 0.186587 0.733074 0.005486 0.005580
2 0.138712 0.937470 0.004540 0.004169
2 0.109130 0.795499 0.004732 0.004388
2 0.046864 0.813940 0.004949 0.004572
2 0.082945 0.786046 0.004339 0.004965
2 0.041391 0.711670 0.005680 0.005431
2 0.014595 0.739071 0.005450 0.004233
2 0.352291 0.556429 0.005514 0.005247
2 0.367781 0.554965 0.006382 0.005515
2 0.914516 0.767191 0.006382 0.005256
2 0.906429 0.773843 0.004709 0.004856
1 0.828427 0.919624 0.004469 0.006234
