4 0.399377 0.179800 0.007433 0.007027
4 0.333122 0.527439 0.007690 0.007606
4 0.236317 0.432994 0.008715 0.008198
4 0.259171 0.467023 0.007152 0.006781
4 0.013713 0.493741 0.007936 0.007541
4 0.113624 0.329489 0.008764 0.008516
4 0.033596 0.126650 0.008203 0.007717
4 0.119569 0.266543 0.009229 0.008434
4 0.308568 0.127435 0.008908 0.008200
4 0.347340 0.165058 0.006793 0.007297
4 0.578294 0.254743 0.008767 0.008335
4 0.627961 0.194773 0.008658 0.008061
4 0.667779 0.388172 0.008705 0.007872
4 0.609387 0.399488 0.007459 0.007276
4 0.683798 0.449511 0.007767 0.007606
4 0.641733 0.461334 0.006844 0.007110
4 0.666315 0.472878 0.007049 0.007235
4 0.579173 0.059722 0.008537 0.009095
4 0.733749 0.238890 0.008371 0.007756
4 0.727094 0.059343 0.007194 0.006102
4 0.961442 0.229643 0.009082 0.008571
4 0.729522 0.463926 0.009186 0.008641
4 0.971017 0.524311 0.008420 0.008847
4 0.849455 0.694680 0.008689 0.005871
4 0.800468 0.699806 0.009304 0.006367
4 0.870151 0.873359 0.008779 0.007165
4 0.666441 0.892890 0.008227 0.005878
4 0.703980 0.877108 0.010003 0.004754
4 0.650908 0.640788 0.008381 0.007689
4 0.484201 0.764816 0.007106 0.007242
4 0.433777 0.754812 0.008301 0.007765
