1 0.964350 0.131766 0.008228 0.007342
1 0.877044 0.046375 0.009875 0.007739
1 0.882092 0.059055 0.007322 0.006192
1 0.889970 0.074177 0.006435 0.006429
1 0.843373 0.083642 0.008210 0.006787
1 0.868668 0.068997 0.006878 0.007741
1 0.795075 0.124277 0.008168 0.006944
1 0.807746 0.134612 0.007776 0.005457
1 0.806631 0.149867 0.007242 0.008518
1 0.811639 0.153050 0.006933 0.008102
1 0.792493 0.154949 0.007473 0.006113
1 0.787986 0.146725 0.008013 0.007028
1 0.751351 0.201953 0.007603 0.007751
1 0.753571 0.214441 0.007657 0.007465
1 0.739233 0.221704 0.008833 0.006373
1 0.737454 0.238573 0.008282 0.006890
1 0.730590 0.251356 0.007255 0.007580
1 0.723536 0.281070 0.008209 0.006747
1 0.724317 0.296406 0.006915 0.007369
1 0.698218 0.312387 0.007135 0.006269
1 0.715138 0.322818 0.006912 0.007990
1 0.741191 0.298903 0.008458 0.006317
1 0.750019 0.307835 0.008140 0.006611
1 0.799124 0.303209 0.008482 0.007606
1 0.794256 0.354061 0.007961 0.006200
1 0.807161 0.359710 0.006678 0.006614
1 0.812265 0.365188 0.007384 0.007372
1 0.761608 0.366566 0.008025 0.006406
1 0.750532 0.386066 0.005906 0.006408
1 0.757306 0.398399 0.007769 0.006132
1 0.766070 0.406303 0.007063 0.005483
1 0.789842 0.422412 0.007211 0.006162
1 0.798440 0.433480 0.006656 0.007044
1 0.795250 0.446329 0.007118 0.005953
1 0.733167 0.438640 0.008137 0.006848
1 0.724153 0.435067 0.006933 0.006450
1 0.707789 0.437747 0.006935 0.006448
1 0.821334 0.459514 0.008604 0.007852
1 0.873654 0.491332 0.007782 0.005382
1 0.907969 0.408997 0.007397 0.005946
1 0.904540 0.397914 0.008397 0.006284
1 0.902691 0.389770 0.007319 0.007026
1 0.971993 0.394565 0.008321 0.005540
1 0.917755 0.366492 0.007859 0.006461
1 0.905427 0.365834 0.008166 0.006118
1 0.987595 0.381336 0.007166 0.005539
1 0.984477 0.188251 0.007952 0.007639
1 0.977773 0.179619 0.007118 0.006845
1 0.980408 0.165332 0.007582 0.006448
1 0.955770 0.172674 0.007488 0.007639
1 0.983349 0.137968 0.007952 0.006450
1 0.959278 0.043935 0.006710 0.006696
4 0.816968 0.064536 0.006656 0.007541
1 0.965893 0.496663 0.008155 0.005794
1 0.926215 0.514715 0.007512 0.006483
1 0.928751 0.515546 0.009116 0.008130
1 0.938253 0.525774 0.008733 0.006415
1 0.942137 0.528013 0.008925 0.006621
1 0.938575 0.537832 0.007576 0.006689
1 0.943550 0.540760 0.008796 0.007035
1 0.815120 0.516458 0.007704 0.006092
1 0.789941 0.498317 0.008347 0.006719
3 0.750738 0.490320 0.005088 0.005694
1 0.714858 0.485367 0.007402 0.006082
1 0.740696 0.490415 0.007802 0.006131
1 0.739757 0.498456 0.006113 0.007943
1 0.731154 0.510918 0.008427 0.006466
1 0.734788 0.524144 0.008560 0.006122
1 0.665331 0.494972 0.007802 0.006557
1 0.675296 0.495280 0.007491 0.007278
1 0.692863 0.511358 0.009273 0.007660
1 0.641299 0.511327 0.006874 0.006021
1 0.615281 0.492705 0.007249 0.006499
1 0.587912 0.515065 0.007812 0.006489
1 0.570556 0.485283 0.008163 0.007080
1 0.588235 0.545782 0.007852 0.007321
1 0.616992 0.545184 0.007317 0.007369
1 0.586355 0.569328 0.004740 0.005116
1 0.591013 0.578716 0.007493 0.006214
1 0.596818 0.586275 0.009009 0.007112
1 0.598877 0.592156 0.008360 0.005781
1 0.952526 0.590422 0.009439 0.006270
1 0.959949 0.594866 0.007971 0.006431
1 0.919115 0.606744 0.008506 0.007866
1 0.824950 0.660230 0.009854 0.006169
1 0.786213 0.668600 0.009497 0.007033
1 0.789022 0.653139 0.009675 0.006854
3 0.725753 0.672028 0.004854 0.004570
1 0.697357 0.694868 0.008160 0.005312
1 0.708727 0.675083 0.007802 0.006125
1 0.684151 0.719757 0.009587 0.005315
1 0.705463 0.712914 0.009051 0.005221
1 0.697170 0.736385 0.009318 0.005746
1 0.703992 0.748730 0.008248 0.005746
1 0.724519 0.763540 0.006956 0.004929
1 0.708161 0.798154 0.006347 0.004456
1 0.719586 0.808358 0.008144 0.006180
1 0.735219 0.834196 0.007122 0.004753
1 0.727014 0.824908 0.007369 0.004917
1 0.752149 0.850213 0.007581 0.005741
1 0.774163 0.850193 0.007395 0.005383
1 0.777916 0.860840 0.009102 0.006181
1 0.790094 0.885331 0.009474 0.005947
1 0.806491 0.892906 0.008160 0.005317
1 0.823968 0.925648 0.008980 0.005719
1 0.793107 0.931964 0.009185 0.006272
1 0.824451 0.946702 0.009364 0.006368
1 0.826315 0.964020 0.006599 0.005502
1 0.796928 0.976262 0.007758 0.004933
1 0.796705 0.986646 0.008383 0.005507
1 0.914961 0.951207 0.008025 0.008135
1 0.904327 0.946420 0.007714 0.007566
1 0.890082 0.941637 0.008739 0.006508
1 0.882892 0.950604 0.006992 0.006702
1 0.861123 0.917609 0.008236 0.005017
4 0.893401 0.839926 0.006795 0.007294
4 0.864311 0.790971 0.007223 0.006890
4 0.788758 0.811011 0.006721 0.005818
4 0.777401 0.721072 0.006780 0.006789
4 0.927871 0.719750 0.007021 0.005462
1 0.668011 0.707316 0.009845 0.006035
1 0.629802 0.703965 0.007704 0.006546
1 0.636350 0.711441 0.006420 0.008682
1 0.614426 0.671354 0.007668 0.005746
1 0.590997 0.664009 0.006643 0.006464
1 0.675163 0.751957 0.007393 0.005942
1 0.659874 0.743922 0.007877 0.005661
1 0.652814 0.731042 0.007802 0.005504
1 0.643384 0.757357 0.006985 0.004828
1 0.640955 0.775969 0.007276 0.004790
1 0.629908 0.775007 0.007027 0.006180
1 0.619102 0.762978 0.007895 0.005450
1 0.608488 0.774046 0.007148 0.005902
1 0.614009 0.782145 0.006632 0.004877
1 0.594732 0.741855 0.007437 0.007580
1 0.566103 0.756609 0.006795 0.007355
1 0.576108 0.777912 0.007973 0.007355
1 0.649760 0.813448 0.009214 0.004405
1 0.647605 0.826714 0.008545 0.005787
1 0.687411 0.802444 0.008695 0.005732
1 0.693862 0.808409 0.007766 0.005486
1 0.698746 0.819344 0.008075 0.005928
1 0.649604 0.847727 0.007356 0.005387
1 0.578981 0.815474 0.008293 0.006206
1 0.560576 0.804995 0.007865 0.005575
1 0.594845 0.838898 0.009095 0.005053
1 0.545447 0.837297 0.007179 0.006035
1 0.529016 0.852034 0.007668 0.006129
1 0.515819 0.851245 0.006598 0.005986
1 0.492857 0.852250 0.007670 0.005890
1 0.499880 0.855838 0.007624 0.005219
1 0.507035 0.866675 0.006866 0.006415
1 0.514795 0.874216 0.006062 0.005610
1 0.498698 0.888040 0.006777 0.006560
1 0.519322 0.883735 0.007533 0.004837
1 0.525405 0.893303 0.006241 0.006082
1 0.530243 0.899500 0.006822 0.004598
1 0.532918 0.905672 0.007714 0.005174
1 0.504407 0.913606 0.007245 0.005120
1 0.551278 0.926433 0.007307 0.004788
1 0.646988 0.877461 0.007803 0.006129
1 0.511770 0.835811 0.008783 0.006506
1 0.494221 0.833346 0.005280 0.005942
1 0.470612 0.838490 0.007839 0.006420
1 0.457737 0.840802 0.008100 0.005781
1 0.472767 0.826888 0.007320 0.006819
1 0.464233 0.792800 0.008560 0.006843
1 0.443478 0.804140 0.008160 0.005120
1 0.442586 0.785192 0.007802 0.005502
1 0.458659 0.813422 0.007045 0.005884
1 0.445328 0.825959 0.007402 0.006173
1 0.450813 0.830576 0.008114 0.006506
1 0.517861 0.816214 0.008114 0.006415
1 0.527291 0.818006 0.007358 0.006555
1 0.446577 0.768368 0.008144 0.006944
7 0.454447 0.773228 0.007930 0.007080
1 0.468341 0.782001 0.008212 0.005940
1 0.473052 0.774188 0.008656 0.006145
1 0.472291 0.771975 0.007654 0.004669
1 0.469820 0.751899 0.006800 0.005268
1 0.454884 0.753254 0.008137 0.006064
1 0.440983 0.725303 0.007029 0.004921
1 0.446603 0.747200 0.007989 0.005519
1 0.441865 0.741186 0.007803 0.005186
1 0.472301 0.741833 0.007493 0.005818
1 0.480952 0.723320 0.008955 0.008338
2 0.538877 0.718532 0.006069 0.005746
1 0.517375 0.691428 0.006777 0.006076
7 0.444038 0.708889 0.007727 0.007217
1 0.455203 0.688027 0.007393 0.006461
1 0.430491 0.673121 0.007673 0.005265
1 0.436870 0.686110 0.008472 0.005794
1 0.429087 0.656135 0.008165 0.006316
1 0.417294 0.638360 0.007227 0.007129
1 0.413304 0.631971 0.009679 0.008612
1 0.409671 0.622761 0.008030 0.007417
1 0.407329 0.613167 0.007184 0.006028
1 0.402314 0.595201 0.006961 0.007129
1 0.415598 0.589818 0.008739 0.007657
1 0.408244 0.574051 0.006604 0.005790
1 0.393397 0.564721 0.008209 0.005694
1 0.410316 0.555749 0.007629 0.007080
1 0.427505 0.557854 0.006871 0.008325
1 0.418186 0.543404 0.008744 0.008037
1 0.411808 0.533308 0.007758 0.007273
1 0.435170 0.542280 0.007144 0.006651
1 0.422930 0.508176 0.007877 0.006420
1 0.415257 0.499125 0.007022 0.006740
1 0.414180 0.488299 0.008064 0.007096
1 0.740615 0.962459 0.006420 0.005633
1 0.736149 0.947817 0.006795 0.004715
1 0.716272 0.948047 0.008026 0.005289
1 0.721087 0.960392 0.007598 0.005519
1 0.750852 0.920658 0.008026 0.004886
1 0.731926 0.902931 0.009943 0.005603
1 0.718101 0.889275 0.009590 0.004791
1 0.737966 0.876901 0.008383 0.005221
1 0.736381 0.881928 0.008698 0.005120
1 0.738235 0.871590 0.009095 0.005219
1 0.586612 0.982341 0.007999 0.005980
1 0.422436 0.971764 0.007022 0.005663
1 0.414225 0.954499 0.007096 0.005422
1 0.412218 0.944710 0.008360 0.005781
1 0.414791 0.927982 0.008111 0.006613
1 0.394309 0.921653 0.007711 0.005317
1 0.430369 0.915000 0.007541 0.006141
1 0.429603 0.905795 0.006316 0.004749
1 0.444576 0.886217 0.007506 0.006504
1 0.426356 0.886757 0.006464 0.005172
1 0.401612 0.883121 0.006198 0.008809
1 0.419869 0.866661 0.008114 0.006513
1 0.433157 0.868527 0.007312 0.007374
1 0.436991 0.852546 0.007135 0.005650
1 0.419200 0.846852 0.007668 0.006799
7 0.428321 0.819263 0.007094 0.007278
2 0.620653 0.422997 0.006741 0.006476
7 0.657419 0.369360 0.008724 0.007639
1 0.593374 0.302136 0.008078 0.005799
1 0.601993 0.272261 0.008506 0.007578
1 0.602635 0.263016 0.008827 0.008036
1 0.680055 0.233329 0.006687 0.006539
3 0.613606 0.241154 0.005264 0.005011
1 0.616565 0.235979 0.008360 0.008811
1 0.627470 0.208865 0.009512 0.007379
1 0.618622 0.180928 0.008204 0.007178
1 0.656521 0.166000 0.008560 0.007177
1 0.626893 0.167698 0.008427 0.008086
1 0.627361 0.159421 0.007670 0.008086
1 0.623976 0.130081 0.007841 0.007234
1 0.622567 0.124773 0.007704 0.006277
1 0.681395 0.107242 0.007535 0.006459
1 0.584071 0.124769 0.010169 0.007201
1 0.573824 0.117039 0.008321 0.006789
1 0.607569 0.096864 0.007550 0.007285
1 0.581027 0.080451 0.007164 0.006375
1 0.562304 0.074244 0.007641 0.006752
1 0.532712 0.106764 0.009042 0.007924
1 0.516607 0.103291 0.007971 0.007522
1 0.524165 0.075315 0.008783 0.006513
1 0.508494 0.075842 0.008560 0.006895
1 0.702191 0.047843 0.007714 0.005551
1 0.569550 0.021514 0.008606 0.006750
1 0.538696 0.028452 0.009051 0.007803
1 0.478196 0.029412 0.008186 0.008556
1 0.500804 0.129770 0.007325 0.007239
1 0.492538 0.130746 0.007592 0.006667
1 0.488469 0.123109 0.007062 0.006207
1 0.483683 0.116678 0.006468 0.004943
1 0.475393 0.112314 0.007545 0.005631
1 0.479162 0.101750 0.007602 0.005633
1 0.454922 0.107118 0.006313 0.007182
1 0.443074 0.097906 0.006372 0.006777
1 0.434698 0.121211 0.007545 0.006717
1 0.418727 0.118656 0.008775 0.005282
1 0.460937 0.080602 0.008962 0.006656
1 0.448039 0.041000 0.006785 0.007751
1 0.436698 0.040676 0.006689 0.007411
1 0.421586 0.024494 0.005452 0.009867
1 0.408614 0.029310 0.008422 0.006415
1 0.333511 0.037215 0.006420 0.007292
1 0.348947 0.056019 0.005617 0.007005
1 0.362053 0.067729 0.004660 0.009424
1 0.355609 0.066465 0.005150 0.005746
1 0.378013 0.094069 0.008386 0.007321
4 0.772851 0.131127 0.006848 0.007063
4 0.492419 0.297014 0.007924 0.008441
1 0.287448 0.035803 0.008674 0.006406
1 0.290498 0.021333 0.008737 0.006270
1 0.293194 0.010688 0.009252 0.005375
1 0.335781 0.012472 0.008868 0.006408
1 0.242582 0.099013 0.009203 0.004823
1 0.266177 0.117991 0.009097 0.005914
1 0.222732 0.129675 0.010166 0.005856
1 0.396675 0.149516 0.007714 0.005933
1 0.373696 0.209051 0.009185 0.006225
1 0.310076 0.244201 0.008614 0.006946
1 0.313982 0.263494 0.007223 0.006604
1 0.328135 0.263465 0.008560 0.006316
1 0.327305 0.271704 0.008186 0.006489
1 0.365893 0.278321 0.008383 0.006609
1 0.366093 0.295502 0.008158 0.006890
1 0.365536 0.306770 0.007935 0.007033
1 0.367899 0.324719 0.008560 0.006602
1 0.377930 0.352851 0.007436 0.006840
1 0.314866 0.348848 0.007489 0.007126
1 0.374297 0.372988 0.008210 0.009410
1 0.360011 0.395559 0.008051 0.007409
1 0.325074 0.398882 0.009185 0.007798
1 0.314400 0.408338 0.009274 0.007512
1 0.349288 0.433097 0.009178 0.006543
1 0.350737 0.443406 0.008656 0.007297
1 0.342597 0.500728 0.010059 0.006489
1 0.342891 0.517080 0.008240 0.007693
1 0.319024 0.539021 0.007179 0.007416
1 0.347420 0.567754 0.006777 0.007274
1 0.351835 0.582444 0.007491 0.006316
1 0.359988 0.601215 0.006373 0.006087
1 0.336818 0.636517 0.008453 0.007407
1 0.339413 0.664106 0.007758 0.007580
1 0.316032 0.663704 0.007651 0.007465
1 0.318091 0.683226 0.006313 0.007234
1 0.324111 0.704787 0.007652 0.007063
1 0.325074 0.717993 0.006259 0.006833
1 0.331281 0.746828 0.009382 0.006682
1 0.336513 0.764984 0.007133 0.006476
1 0.309592 0.630441 0.007281 0.006029
1 0.304858 0.603483 0.008833 0.008039
1 0.291133 0.589818 0.007496 0.007349
1 0.288645 0.577042 0.008941 0.007407
1 0.217162 0.513128 0.007135 0.005698
1 0.220037 0.501477 0.009320 0.006321
1 0.204735 0.488981 0.007312 0.005694
1 0.165829 0.489005 0.008160 0.006555
1 0.088943 0.470444 0.005944 0.007871
1 0.077601 0.471820 0.006266 0.007528
1 0.070633 0.517599 0.008282 0.006544
1 0.127882 0.419849 0.009426 0.007178
1 0.118306 0.401819 0.008887 0.006373
1 0.148589 0.397829 0.009743 0.007119
1 0.213428 0.362230 0.008132 0.006890
1 0.194972 0.336721 0.008218 0.009171
1 0.167007 0.338103 0.009315 0.007786
1 0.102301 0.361926 0.007651 0.005340
1 0.193693 0.286541 0.009476 0.006373
1 0.237138 0.271009 0.008405 0.006660
1 0.298854 0.326937 0.009116 0.008825
1 0.300931 0.298186 0.006733 0.006317
1 0.280617 0.292020 0.008025 0.006991
1 0.277652 0.298288 0.006287 0.009096
1 0.288389 0.280162 0.005688 0.006181
1 0.287498 0.278368 0.005537 0.006260
1 0.284618 0.272747 0.008698 0.005144
1 0.274081 0.239567 0.008031 0.006132
1 0.268142 0.220064 0.008737 0.006413
1 0.152833 0.172832 0.006241 0.006506
4 0.234751 0.072229 0.008096 0.007772
4 0.151299 0.229807 0.007447 0.007999
1 0.094117 0.273587 0.007066 0.006145
1 0.083606 0.271403 0.009579 0.005806
1 0.076383 0.229407 0.008721 0.006955
1 0.061634 0.040944 0.008202 0.008806
1 0.046494 0.374998 0.010555 0.006871
1 0.106479 0.320454 0.008080 0.005462
1 0.023038 0.476243 0.009502 0.005994
1 0.042075 0.473243 0.008282 0.005519
1 0.023809 0.490093 0.008347 0.006406
1 0.031353 0.506971 0.008410 0.007517
1 0.038098 0.523786 0.007761 0.006419
1 0.069104 0.544970 0.006998 0.006347
1 0.015060 0.586028 0.009421 0.007119
1 0.018166 0.593605 0.007062 0.005519
1 0.033468 0.597968 0.008345 0.008044
1 0.054950 0.588810 0.007758 0.006494
1 0.258332 0.719306 0.007543 0.006225
4 0.119348 0.789664 0.007646 0.007304
1 0.026337 0.813820 0.006726 0.006939
1 0.376788 0.831509 0.008620 0.006087
1 0.392438 0.829441 0.007496 0.006429
1 0.385801 0.889088 0.006956 0.006717
1 0.371912 0.891049 0.006420 0.006272
1 0.364042 0.888058 0.007356 0.005843
1 0.350600 0.880403 0.006331 0.006035
1 0.376860 0.914050 0.007009 0.006840
1 0.382371 0.925332 0.006474 0.006092
1 0.391814 0.940635 0.007384 0.006494
1 0.344932 0.954082 0.006689 0.005893
1 0.309485 0.948793 0.006692 0.006895
1 0.314366 0.925371 0.007441 0.005986
1 0.307701 0.915849 0.007494 0.005413
1 0.350794 0.929972 0.007947 0.006537
1 0.356082 0.908331 0.007524 0.005350
1 0.329828 0.874518 0.007637 0.008390
1 0.311850 0.866551 0.007358 0.007739
1 0.299329 0.867090 0.008101 0.007940
1 0.248471 0.875335 0.007543 0.005467
1 0.259783 0.886757 0.005719 0.005504
1 0.194955 0.973832 0.006800 0.005188
1 0.192021 0.969924 0.006651 0.006305
1 0.188602 0.967252 0.007618 0.006862
1 0.199879 0.951801 0.006689 0.006822
1 0.180316 0.961849 0.007841 0.007142
1 0.181264 0.962447 0.007208 0.006424
1 0.183587 0.964581 0.006725 0.005746
1 0.184645 0.965718 0.007058 0.006504
1 0.172421 0.952240 0.007133 0.005706
1 0.158692 0.971260 0.007097 0.006983
1 0.144852 0.970701 0.008025 0.006822
1 0.193658 0.939699 0.006902 0.008676
1 0.168592 0.937718 0.007171 0.006436
7 0.143094 0.929089 0.007021 0.006537
1 0.138365 0.915601 0.005425 0.009494
1 0.125713 0.913506 0.004050 0.009614
1 0.156979 0.930692 0.008322 0.004032
1 0.167364 0.917257 0.007618 0.006499
1 0.150686 0.914174 0.007581 0.007838
1 0.166971 0.879042 0.007668 0.008470
1 0.180291 0.863138 0.006515 0.006076
2 0.176813 0.865767 0.005801 0.005795
1 0.157842 0.868759 0.006559 0.006794
1 0.150017 0.859334 0.008475 0.007273
1 0.221504 0.844278 0.005944 0.005340
1 0.253232 0.824297 0.008619 0.006489
1 0.225851 0.804929 0.007169 0.005570
1 0.215172 0.795794 0.008829 0.005282
1 0.189155 0.773283 0.006647 0.006461
1 0.179680 0.820915 0.006871 0.006890
1 0.184527 0.837204 0.007122 0.006719
1 0.114179 0.862626 0.006718 0.005682
1 0.049526 0.852510 0.007489 0.005453
1 0.031847 0.852245 0.006108 0.005890
1 0.027299 0.866528 0.007358 0.007374
1 0.010356 0.840953 0.006466 0.006274
1 0.016983 0.942951 0.006643 0.005699
1 0.026523 0.946276 0.006108 0.005939
1 0.060945 0.970035 0.007356 0.005120
2 0.432859 0.194900 0.006069 0.006148
1 0.522027 0.157586 0.007436 0.005635
1 0.562226 0.319241 0.006528 0.004800
1 0.535531 0.321091 0.007994 0.005982
1 0.515510 0.319281 0.008580 0.005195
1 0.541361 0.334077 0.007480 0.006296
1 0.563802 0.335533 0.006746 0.005902
1 0.567799 0.355602 0.007555 0.006061
1 0.575243 0.365873 0.008215 0.008027
1 0.586427 0.374610 0.007406 0.006454
1 0.599188 0.380905 0.007699 0.006927
1 0.625700 0.384212 0.006453 0.006454
1 0.636516 0.396489 0.007553 0.006296
1 0.620748 0.405146 0.007114 0.006768
1 0.664440 0.420037 0.006241 0.007320
1 0.699104 0.341491 0.007747 0.006450
1 0.551807 0.617597 0.006917 0.006377
1 0.551128 0.612679 0.006663 0.005829
1 0.551489 0.607327 0.006961 0.005329
1 0.552062 0.601998 0.007683 0.006057
1 0.551847 0.592205 0.007940 0.007697
1 0.552915 0.540928 0.007724 0.007384
1 0.548395 0.537671 0.008785 0.008339
1 0.522825 0.519727 0.008064 0.008065
1 0.512769 0.474231 0.006873 0.008074
1 0.522085 0.463874 0.007512 0.007384
1 0.509418 0.471141 0.006876 0.007150
1 0.557824 0.463095 0.008759 0.006127
1 0.547082 0.452085 0.009172 0.006286
1 0.539315 0.440416 0.008510 0.006232
1 0.520904 0.432928 0.005810 0.005357
1 0.535521 0.428584 0.007950 0.006394
1 0.532109 0.419620 0.007338 0.007161
1 0.525687 0.403814 0.008968 0.007597
1 0.495129 0.395643 0.008153 0.006777
1 0.488636 0.388975 0.007799 0.006230
1 0.477663 0.379930 0.008557 0.006723
1 0.475904 0.377525 0.007694 0.007269
1 0.475038 0.373016 0.008612 0.006230
1 0.474223 0.370502 0.008511 0.005355
1 0.454131 0.380641 0.006830 0.006723
1 0.449013 0.367496 0.007899 0.005902
1 0.440862 0.325425 0.007895 0.005420
1 0.418942 0.321327 0.006918 0.005148
1 0.461926 0.415505 0.008454 0.006068
1 0.471499 0.427447 0.006525 0.005794
1 0.461240 0.427010 0.008096 0.005575
1 0.462764 0.439335 0.007390 0.005958
1 0.466839 0.445756 0.007797 0.006777
1 0.437350 0.421134 0.008918 0.006504
1 0.437121 0.419194 0.008866 0.006448
1 0.436663 0.411679 0.008155 0.005519
1 0.455392 0.608448 0.007589 0.007215
1 0.612324 0.708563 0.006539 0.006492
1 0.617306 0.716565 0.005623 0.007541
1 0.624823 0.722828 0.006845 0.007084
1 0.625801 0.736700 0.008189 0.006492
1 0.928031 0.158507 0.007273 0.004393
1 0.951600 0.265622 0.006842 0.007243
1 0.941319 0.287679 0.009985 0.007342
1 0.257716 0.918519 0.006573 0.007739
1 0.258132 0.910235 0.006850 0.007639
1 0.254064 0.907109 0.007035 0.008334
1 0.242554 0.900611 0.005833 0.006450
