1 0.499897 0.213369 0.008503 0.006776
1 0.491769 0.210354 0.008288 0.006834
1 0.481023 0.206880 0.009780 0.007809
1 0.462650 0.205358 0.007807 0.006718
1 0.472169 0.194563 0.007915 0.006028
1 0.468132 0.190745 0.008076 0.006660
1 0.492758 0.193559 0.009198 0.005857
1 0.497384 0.186066 0.009252 0.005915
3 0.484895 0.193965 0.004276 0.004292
1 0.431869 0.205212 0.009359 0.007297
1 0.397456 0.211901 0.008450 0.006897
1 0.397884 0.205758 0.008771 0.006552
1 0.389649 0.180838 0.008342 0.007700
1 0.417269 0.193585 0.007754 0.006438
1 0.416388 0.176269 0.007915 0.007535
1 0.412350 0.160741 0.008075 0.007010
1 0.338684 0.166453 0.007041 0.006461
1 0.332043 0.161476 0.008556 0.007609
1 0.452432 0.338917 0.007863 0.006284
6 0.447030 0.414951 0.011937 0.009013
6 0.351244 0.453009 0.008402 0.009589
1 0.484432 0.662360 0.009796 0.007243
1 0.455323 0.651372 0.009149 0.005864
1 0.482768 0.694627 0.009149 0.006863
1 0.488406 0.705645 0.009889 0.005864
1 0.470929 0.770502 0.008503 0.005972
1 0.437219 0.800998 0.008549 0.006539
1 0.414483 0.788128 0.008663 0.006317
1 0.629810 0.512215 0.009679 0.005575
1 0.693102 0.449629 0.008022 0.005857
1 0.589843 0.597968 0.009478 0.006119
1 0.590191 0.617563 0.008171 0.007275
4 0.679450 0.645560 0.007546 0.007752
4 0.640865 0.537444 0.009242 0.008104
4 0.523702 0.526554 0.008944 0.006944
4 0.448637 0.531405 0.007264 0.007276
6 0.096427 0.596529 0.011250 0.010086
6 0.068666 0.568251 0.011019 0.008433
1 0.045043 0.559194 0.008932 0.006457
1 0.029103 0.550433 0.008779 0.005291
1 0.188292 0.504464 0.009548 0.007280
1 0.198993 0.474573 0.008016 0.007192
1 0.130739 0.434009 0.009441 0.007511
1 0.143895 0.447686 0.008285 0.007579
1 0.151114 0.465049 0.007837 0.007717
1 0.085090 0.427842 0.008856 0.006546
1 0.078458 0.408226 0.009762 0.006132
1 0.106276 0.396581 0.009182 0.005857
1 0.124663 0.414393 0.008862 0.006891
1 0.063117 0.381216 0.009319 0.005887
1 0.186617 0.376450 0.010388 0.007464
1 0.090941 0.293356 0.008882 0.007276
1 0.077850 0.287458 0.008882 0.007509
1 0.039789 0.251929 0.008111 0.006795
1 0.034996 0.242934 0.008427 0.007177
1 0.040324 0.224812 0.008823 0.007121
1 0.036292 0.197016 0.008880 0.006420
1 0.079059 0.164104 0.009270 0.007129
1 0.087736 0.113819 0.010830 0.007607
1 0.077729 0.071225 0.010300 0.007800
1 0.076623 0.012651 0.009288 0.007616
1 0.128787 0.162889 0.009377 0.007311
1 0.155677 0.148874 0.008694 0.006986
1 0.158216 0.133851 0.009814 0.007576
1 0.157381 0.127853 0.010060 0.007010
3 0.163713 0.192542 0.003764 0.004322
1 0.258522 0.196302 0.007687 0.006898
1 0.260359 0.187092 0.006907 0.006181
1 0.274324 0.197159 0.008616 0.007576
3 0.257238 0.163415 0.003313 0.003809
1 0.252273 0.155420 0.007820 0.007294
1 0.250522 0.140964 0.008016 0.007476
1 0.118169 0.220200 0.016889 0.013207
1 0.020069 0.354083 0.008825 0.006608
1 0.220516 0.449148 0.009633 0.009177
4 0.258645 0.486057 0.008921 0.009510
4 0.160439 0.561233 0.007665 0.007325
4 0.059398 0.601168 0.009092 0.008808
1 0.188159 0.587571 0.010324 0.006580
4 0.204473 0.642483 0.007915 0.007924
4 0.292702 0.603313 0.008724 0.007809
6 0.246581 0.688664 0.009304 0.009244
6 0.280485 0.687171 0.011766 0.010621
1 0.317925 0.730396 0.007913 0.006088
1 0.248904 0.763955 0.009112 0.005796
1 0.051390 0.878484 0.008133 0.007142
1 0.086133 0.860066 0.010267 0.006034
1 0.052014 0.852515 0.008022 0.005748
1 0.218566 0.903386 0.009229 0.006986
1 0.222027 0.836795 0.009953 0.006823
1 0.206790 0.811840 0.010561 0.006417
1 0.292192 0.777335 0.010696 0.007406
1 0.345230 0.934867 0.009804 0.005663
1 0.411650 0.875158 0.008396 0.007408
1 0.397157 0.872431 0.008396 0.007579
1 0.392236 0.818663 0.008508 0.005741
4 0.544104 0.447754 0.007706 0.007982
1 0.414822 0.270352 0.008918 0.007457
3 0.413233 0.227256 0.004408 0.004661
1 0.228568 0.101172 0.009548 0.008187
1 0.192759 0.122281 0.010243 0.008185
1 0.378793 0.016729 0.009144 0.008899
1 0.364407 0.020747 0.008290 0.007523
1 0.332214 0.029675 0.009358 0.007924
1 0.316251 0.015896 0.008877 0.008498
1 0.307106 0.011331 0.008448 0.006373
1 0.335369 0.039380 0.010106 0.008727
1 0.250730 0.043267 0.009733 0.008040
1 0.241083 0.041630 0.009200 0.007579
1 0.237446 0.035803 0.009519 0.008097
1 0.224158 0.026960 0.009144 0.008670
1 0.216431 0.026587 0.008984 0.008727
1 0.213382 0.023658 0.008665 0.008153
1 0.207793 0.059688 0.010106 0.008209
1 0.178020 0.008885 0.007974 0.007464
4 0.142698 0.007848 0.008670 0.008274
3 0.269074 0.093887 0.004757 0.005064
3 0.531375 0.270643 0.004322 0.004689
3 0.536666 0.241427 0.004672 0.004386
4 0.947133 0.268673 0.004237 0.004425
4 0.899276 0.478537 0.008086 0.008069
4 0.837407 0.564909 0.008534 0.009163
4 0.355685 0.411192 0.008670 0.009032
4 0.102903 0.723994 0.008450 0.007693
1 0.988989 0.269279 0.009619 0.006259
1 0.863270 0.256495 0.008823 0.006258
1 0.950757 0.316199 0.008645 0.006363
1 0.970811 0.322563 0.008913 0.006555
1 0.930716 0.412090 0.006203 0.007184
1 0.967070 0.473167 0.007688 0.006982
1 0.923944 0.035960 0.008213 0.006690
1 0.847493 0.031712 0.009090 0.006172
1 0.853741 0.052738 0.008182 0.006207
1 0.865893 0.074068 0.008950 0.006025
1 0.881505 0.123783 0.008562 0.007115
1 0.839539 0.122002 0.008601 0.006174
1 0.876672 0.178484 0.008502 0.006897
4 0.935148 0.547017 0.007828 0.007999
6 0.957356 0.570923 0.009632 0.010060
6 0.877162 0.583581 0.011784 0.009095
1 0.785664 0.696054 0.009092 0.007119
1 0.865372 0.721811 0.008601 0.006412
1 0.892177 0.739945 0.009894 0.007178
1 0.882008 0.795021 0.009136 0.006944
6 0.919882 0.831986 0.009177 0.010886
6 0.971995 0.873780 0.009630 0.009048
6 0.868628 0.906644 0.009438 0.008619
6 0.841013 0.916363 0.008557 0.008038
1 0.815955 0.851334 0.008199 0.006655
1 0.747751 0.990575 0.007393 0.005375
1 0.741250 0.953046 0.008406 0.006546
1 0.837952 0.788650 0.008921 0.007654
1 0.735301 0.817020 0.009561 0.007164
1 0.732649 0.903689 0.008882 0.006947
1 0.659751 0.923166 0.009498 0.007380
1 0.606756 0.903607 0.008823 0.006842
1 0.706456 0.683254 0.009240 0.006063
1 0.667855 0.778616 0.010165 0.006706
1 0.684142 0.783990 0.009472 0.006373
1 0.575947 0.807304 0.009048 0.008612
6 0.706960 0.405231 0.011474 0.009268
1 0.665353 0.348930 0.009242 0.007276
1 0.655049 0.365659 0.008086 0.005713
1 0.574439 0.370230 0.008728 0.005796
1 0.618912 0.336709 0.007957 0.006140
1 0.631232 0.324513 0.008984 0.006415
1 0.608194 0.313868 0.008086 0.006483
1 0.551080 0.267425 0.008600 0.005444
1 0.753693 0.227545 0.008502 0.006450
1 0.701620 0.191280 0.009889 0.006548
1 0.693212 0.180515 0.008409 0.006646
1 0.678333 0.176745 0.008779 0.006646
1 0.642248 0.170593 0.008872 0.006448
3 0.652713 0.174856 0.004418 0.004309
1 0.656857 0.103219 0.010075 0.006063
1 0.695521 0.114898 0.008600 0.005444
1 0.756228 0.130479 0.009754 0.005726
1 0.780178 0.102150 0.008856 0.006545
1 0.773888 0.055159 0.009625 0.006132
1 0.700789 0.046126 0.009948 0.005993
1 0.659420 0.062374 0.009571 0.006494
1 0.641826 0.039262 0.007754 0.005862
1 0.643110 0.020515 0.007648 0.005691
1 0.896999 0.182387 0.007855 0.006128
1 0.569979 0.143312 0.009498 0.006753
1 0.569620 0.135771 0.009817 0.006897
1 0.592005 0.096507 0.009240 0.006846
1 0.598566 0.081127 0.009056 0.007838
3 0.641569 0.079909 0.004501 0.005024
1 0.531604 0.044338 0.008771 0.007126
1 0.507138 0.019074 0.007967 0.007471
1 0.494686 0.102511 0.008026 0.007350
1 0.494258 0.111210 0.008670 0.006834
