1 0.954638 0.303943 0.005768 0.013560
1 0.974704 0.432055 0.011430 0.008325
1 0.935927 0.573155 0.004537 0.014223
1 0.929085 0.573751 0.013468 0.005042
1 0.922090 0.581519 0.004076 0.014477
1 0.902825 0.576520 0.008615 0.011906
1 0.918592 0.595909 0.013535 0.004878
1 0.875999 0.582031 0.013037 0.005627
1 0.854288 0.579390 0.004439 0.009991
1 0.844270 0.580036 0.003400 0.010899
1 0.815320 0.572194 0.012279 0.006420
1 0.778804 0.595269 0.012689 0.006403
0 0.744861 0.774222 0.009085 0.003560
0 0.735996 0.778471 0.008551 0.004019
0 0.745182 0.782777 0.010046 0.003790
0 0.734713 0.787944 0.009298 0.003790
0 0.726623 0.793111 0.008818 0.004134
0 0.734687 0.797217 0.009137 0.004191
0 0.724967 0.802557 0.009030 0.004422
1 0.873370 0.882461 0.005231 0.014717
1 0.816766 0.893209 0.005229 0.013394
1 0.893998 0.949800 0.011408 0.008544
1 0.928069 0.836678 0.006889 0.012982
1 0.933650 0.818623 0.004592 0.014412
1 0.662945 0.976515 0.013308 0.004885
1 0.728094 0.940833 0.013887 0.004019
1 0.731669 0.992437 0.007449 0.005617
1 0.796095 0.918502 0.005256 0.013512
1 0.747883 0.861160 0.007047 0.012959
1 0.710071 0.900455 0.010422 0.003348
2 0.590627 0.886858 0.007351 0.006012
1 0.473055 0.879222 0.013351 0.004426
1 0.382180 0.952905 0.011617 0.008087
1 0.333025 0.957424 0.012605 0.006141
1 0.316523 0.983494 0.012710 0.005913
1 0.316187 0.917413 0.004228 0.014790
1 0.457681 0.905119 0.005164 0.013348
1 0.207448 0.936277 0.009969 0.009809
1 0.274716 0.866961 0.009569 0.010367
1 0.272435 0.856116 0.009310 0.010846
1 0.261271 0.850511 0.012721 0.005625
1 0.287504 0.832212 0.005880 0.013781
1 0.255749 0.829700 0.010731 0.009714
1 0.222302 0.809986 0.005657 0.013972
1 0.201537 0.820824 0.013441 0.004832
1 0.167869 0.892348 0.009387 0.010806
1 0.100532 0.897770 0.012920 0.005615
1 0.089144 0.893916 0.008191 0.011797
1 0.109808 0.712051 0.005637 0.013717
1 0.132586 0.705303 0.005901 0.013712
1 0.171266 0.689081 0.007857 0.012230
1 0.246585 0.708845 0.010896 0.009244
1 0.235583 0.723889 0.003846 0.014527
1 0.280385 0.779452 0.013624 0.004099
1 0.309950 0.768918 0.011535 0.008299
1 0.341492 0.755786 0.013666 0.004187
1 0.372668 0.779042 0.007601 0.009859
1 0.390431 0.665278 0.007788 0.012631
1 0.412107 0.636062 0.012605 0.005799
3 0.427654 0.642547 0.007371 0.007988
1 0.498455 0.645027 0.005568 0.013728
1 0.525068 0.608826 0.003961 0.014641
1 0.517061 0.582602 0.009681 0.010567
1 0.410278 0.564481 0.009998 0.010129
1 0.294992 0.662807 0.010756 0.007894
1 0.285010 0.673657 0.006717 0.013558
1 0.256451 0.664526 0.013096 0.005981
1 0.219287 0.659957 0.011461 0.008574
1 0.197998 0.664322 0.005898 0.013638
1 0.105846 0.694245 0.008717 0.008274
1 0.014021 0.740587 0.012491 0.006670
1 0.142312 0.649919 0.012907 0.005982
1 0.097405 0.654465 0.013351 0.004929
1 0.124679 0.627524 0.013085 0.004790
1 0.075227 0.605551 0.009813 0.010413
1 0.137104 0.583792 0.011839 0.008039
1 0.120705 0.557683 0.010830 0.008896
1 0.013025 0.537528 0.009366 0.008640
3 0.261379 0.212623 0.007638 0.007412
4 0.045636 0.066290 0.026818 0.019364
1 0.544988 0.046373 0.013264 0.005360
1 0.550306 0.060728 0.013223 0.004784
1 0.554623 0.077211 0.012868 0.006076
1 0.578753 0.073934 0.012818 0.006076
1 0.610624 0.077211 0.013040 0.006076
1 0.622907 0.084460 0.012684 0.006316
4 0.613121 0.098526 0.023970 0.011783
1 0.645679 0.106817 0.010105 0.009938
1 0.655260 0.090238 0.013568 0.004684
1 0.662832 0.107998 0.003492 0.014420
1 0.677049 0.077311 0.006588 0.012919
1 0.685036 0.104442 0.004856 0.014163
1 0.604690 0.128250 0.012177 0.006030
1 0.655322 0.135284 0.005763 0.012860
1 0.614929 0.283451 0.003974 0.014539
1 0.621727 0.419489 0.013673 0.004311
1 0.512910 0.600193 0.004102 0.014470
1 0.580944 0.564205 0.006224 0.011025
1 0.773251 0.310400 0.006076 0.013065
4 0.616763 0.029611 0.025076 0.010502
4 0.671759 0.117607 0.024557 0.008334
4 0.777625 0.939488 0.020832 0.019763
10 0.625999 0.424198 0.009293 0.006378
10 0.690660 0.302451 0.009422 0.006251
10 0.404061 0.528373 0.008845 0.005587
10 0.395761 0.524484 0.008781 0.005926
10 0.403580 0.519933 0.009165 0.006346
10 0.340325 0.532911 0.009029 0.005454
10 0.610388 0.343668 0.008976 0.005466
1 0.856670 0.235475 0.013290 0.004873
1 0.835141 0.222837 0.011961 0.007000
1 0.816520 0.182716 0.012524 0.007025
1 0.805783 0.174079 0.008306 0.012394
1 0.763025 0.124447 0.009303 0.010834
1 0.897312 0.325489 0.011528 0.005604
