2 0.219222 0.529378 0.007122 0.006818
2 0.528405 0.368650 0.005926 0.004712
2 0.747604 0.511395 0.005842 0.005313
2 0.129477 0.580040 0.007688 0.006143
2 0.862621 0.813152 0.006228 0.004296
0 0.577523 0.396039 0.015445 0.006952
0 0.567532 0.390420 0.013608 0.007441
0 0.623736 0.407030 0.007854 0.012396
0 0.614156 0.428292 0.004798 0.015206
0 0.607319 0.456242 0.011181 0.003648
0 0.610777 0.462325 0.019052 0.005578
0 0.609336 0.475624 0.015146 0.007002
0 0.626725 0.481822 0.018442 0.004268
0 0.607006 0.483912 0.014276 0.002320
0 0.626119 0.486975 0.018614 0.002639
0 0.610259 0.488197 0.009089 0.002922
0 0.607006 0.492065 0.009499 0.003120
0 0.573127 0.473145 0.013206 0.006039
0 0.563624 0.464818 0.011754 0.007871
0 0.573637 0.464950 0.012119 0.008102
0 0.572691 0.467141 0.012378 0.008516
0 0.549849 0.420681 0.004382 0.020671
0 0.535892 0.412947 0.007696 0.012825
0 0.558844 0.409188 0.004844 0.013064
4 0.360647 0.571442 0.003043 0.003848
4 0.633723 0.356334 0.008115 0.008964
4 0.619148 0.347808 0.006835 0.018438
4 0.620120 0.327969 0.004680 0.017577
4 0.615731 0.310261 0.006022 0.006554
4 0.608555 0.306717 0.007560 0.004548
4 0.610478 0.299995 0.004357 0.008068
2 0.073071 0.894342 0.008141 0.007034
2 0.084264 0.888174 0.006970 0.006779
2 0.089784 0.876743 0.006972 0.006979
2 0.042841 0.863789 0.007441 0.006451
2 0.036335 0.853052 0.007817 0.006678
3 0.059011 0.815232 0.005594 0.005084
2 0.129379 0.721945 0.008075 0.006752
2 0.136519 0.761359 0.007835 0.006798
2 0.105539 0.676828 0.007693 0.006844
2 0.112015 0.652979 0.008045 0.006499
2 0.117143 0.639031 0.008454 0.007377
3 0.136744 0.907477 0.005231 0.005571
3 0.120294 0.914301 0.005393 0.005863
3 0.111164 0.912406 0.005180 0.005633
3 0.095734 0.911659 0.004538 0.005631
3 0.067891 0.936694 0.005126 0.005631
2 0.120250 0.959726 0.007696 0.006508
1 0.054173 0.926393 0.004788 0.005316
2 0.051111 0.930769 0.006703 0.005151
2 0.049424 0.886998 0.009343 0.007464
4 0.610093 0.289453 0.003460 0.003659
4 0.611728 0.281116 0.003911 0.008344
4 0.610925 0.270884 0.005253 0.008412
4 0.601892 0.262787 0.009995 0.008344
4 0.591288 0.267614 0.007112 0.014951
4 0.583953 0.283910 0.008073 0.011989
4 0.577097 0.298551 0.005895 0.013986
4 0.572196 0.309610 0.003907 0.010197
4 0.568223 0.319911 0.003524 0.008750
4 0.640140 0.073688 0.003293 0.003062
4 0.630641 0.074769 0.009210 0.006085
4 0.625482 0.083713 0.008413 0.010383
4 0.633600 0.089380 0.014415 0.004877
4 0.633688 0.086272 0.003293 0.003637
4 0.347067 0.611304 0.015877 0.023306
4 0.370233 0.546478 0.012365 0.011171
4 0.364626 0.557015 0.012045 0.009784
4 0.375166 0.535002 0.008008 0.012334
4 0.384264 0.527284 0.004164 0.003515
4 0.395668 0.515261 0.012238 0.009509
4 0.428872 0.521152 0.010897 0.013712
4 0.420126 0.518293 0.006990 0.008957
4 0.408274 0.512678 0.009295 0.003928
4 0.416923 0.578099 0.004171 0.003997
4 0.414680 0.588228 0.004940 0.008682
4 0.406960 0.598770 0.008721 0.011576
4 0.408241 0.607004 0.008592 0.004753
4 0.413367 0.611586 0.003723 0.004135
4 0.419070 0.622713 0.004107 0.003928
4 0.415193 0.617098 0.003274 0.003444
4 0.415450 0.630499 0.006605 0.006683
4 0.408082 0.636425 0.006349 0.006959
4 0.401995 0.641110 0.004042 0.004342
4 0.398120 0.647897 0.003726 0.009922
4 0.400297 0.670393 0.005261 0.010129
4 0.396645 0.684622 0.004876 0.013505
4 0.391776 0.693028 0.003980 0.004271
4 0.387900 0.702776 0.003914 0.016053
4 0.388445 0.715835 0.011538 0.009095
4 0.385882 0.727032 0.007183 0.012060
4 0.385657 0.738709 0.005195 0.007441
4 0.309210 0.710272 0.003963 0.011441
4 0.303124 0.700105 0.009450 0.010393
4 0.292446 0.701310 0.010092 0.009704
4 0.300295 0.689167 0.005714 0.008612
4 0.295783 0.682104 0.003310 0.003790
4 0.335612 0.671023 0.005552 0.006430
4 0.331101 0.666028 0.003045 0.004020
4 0.327337 0.660113 0.002669 0.004133
4 0.318073 0.661061 0.009343 0.006949
4 0.308757 0.659654 0.008757 0.010910
4 0.308197 0.667090 0.011052 0.003961
4 0.313402 0.649548 0.011105 0.008270
4 0.300935 0.653682 0.011905 0.005396
4 0.291245 0.658276 0.005338 0.005743
4 0.288311 0.650268 0.005133 0.006494
4 0.280513 0.647911 0.003417 0.002584
4 0.358966 0.565531 0.013348 0.007528
4 0.353655 0.574687 0.006572 0.008038
4 0.347086 0.584706 0.006674 0.006373
4 0.354213 0.589072 0.002883 0.003623
4 0.350076 0.589099 0.002724 0.003099
4 0.351731 0.592833 0.002616 0.002763
4 0.345965 0.594237 0.002722 0.003388
4 0.348981 0.596908 0.003310 0.004363
4 0.341987 0.594702 0.005659 0.010737
4 0.336733 0.618428 0.002990 0.003675
4 0.334491 0.622392 0.001922 0.003106
0 0.566340 0.380002 0.011686 0.006449
0 0.561651 0.411959 0.005844 0.016122
4 0.330060 0.624313 0.002350 0.003044
4 0.324454 0.629424 0.003524 0.003044
4 0.315510 0.643146 0.002616 0.004765
4 0.289910 0.668209 0.005979 0.011828
4 0.283129 0.655376 0.004698 0.006949
2 0.547091 0.767538 0.006654 0.005215
