2 0.189066 0.154336 0.005383 0.004977
2 0.607855 0.341649 0.004822 0.004224
1 0.664026 0.905109 0.006299 0.003388
0 0.871680 0.862611 0.008264 0.005857
0 0.815405 0.870328 0.010120 0.008062
2 0.580696 0.211462 0.005111 0.004943
2 0.657049 0.176933 0.004751 0.005513
0 0.699598 0.152101 0.006381 0.013229
0 0.702516 0.174710 0.012384 0.009352
0 0.702558 0.167479 0.013683 0.012401
0 0.691143 0.164420 0.008226 0.013891
0 0.671758 0.153316 0.009880 0.014986
0 0.674697 0.156192 0.009021 0.011532
0 0.668025 0.147316 0.011370 0.019294
0 0.663911 0.141288 0.011802 0.019523
2 0.636222 0.079556 0.008840 0.008612
4 0.867312 0.026124 0.010911 0.008850
0 0.538318 0.019968 0.011571 0.005406
0 0.536183 0.013963 0.016287 0.007559
0 0.528421 0.010973 0.014818 0.005406
0 0.540142 0.026475 0.006587 0.005311
0 0.507669 0.029712 0.008863 0.005023
0 0.473260 0.039528 0.014507 0.007895
0 0.448266 0.045768 0.011700 0.006413
0 0.449089 0.036891 0.016726 0.008756
0 0.552807 0.017477 0.009977 0.007244
2 0.401287 0.062182 0.005221 0.005050
2 0.371921 0.077729 0.005158 0.005582
0 0.502781 0.122362 0.007239 0.009515
0 0.479618 0.109288 0.008114 0.008843
0 0.191397 0.181147 0.006688 0.009673
0 0.173524 0.200122 0.010454 0.008268
0 0.112477 0.211211 0.015059 0.009015
0 0.059282 0.211960 0.020238 0.005106
0 0.030216 0.222477 0.008653 0.010449
0 0.027227 0.192533 0.003955 0.009475
0 0.026906 0.177719 0.003634 0.011541
4 0.198302 0.172969 0.008670 0.012114
4 0.187371 0.193755 0.013561 0.012015
4 0.154809 0.214844 0.013375 0.019247
4 0.163526 0.237863 0.018634 0.023415
4 0.115606 0.221040 0.008026 0.007849
4 0.094574 0.211223 0.016881 0.007639
4 0.100294 0.223128 0.007102 0.006647
4 0.083807 0.221162 0.017337 0.006644
4 0.085765 0.234882 0.026381 0.014496
4 0.037475 0.220942 0.007102 0.008046
4 0.026590 0.226100 0.008210 0.007252
4 0.033324 0.202338 0.013744 0.012907
4 0.690685 0.260401 0.006033 0.011140
4 0.678273 0.269732 0.005658 0.005456
4 0.675044 0.278543 0.006672 0.005289
4 0.685400 0.277252 0.006031 0.005575
4 0.693113 0.273031 0.005338 0.004485
4 0.382739 0.340971 0.019195 0.015477
4 0.452516 0.328850 0.006381 0.007607
4 0.462252 0.333228 0.009540 0.010921
4 0.466056 0.344514 0.007772 0.007203
4 0.471591 0.356131 0.012538 0.014395
4 0.480085 0.372171 0.016457 0.016876
4 0.500686 0.377715 0.018149 0.008433
4 0.532472 0.365433 0.006696 0.005879
4 0.548922 0.356585 0.017150 0.009517
4 0.574443 0.343150 0.008233 0.012412
4 0.558684 0.348942 0.007157 0.005953
4 0.609803 0.336784 0.021454 0.009269
4 0.300628 0.373643 0.014068 0.009515
0 0.367013 0.352993 0.007053 0.008612
0 0.357149 0.362013 0.008078 0.006418
0 0.348691 0.370008 0.007185 0.006402
4 0.234013 0.401693 0.006611 0.015875
4 0.218232 0.418130 0.006919 0.015213
4 0.220922 0.434625 0.014452 0.009013
4 0.223497 0.442521 0.014528 0.006448
4 0.205356 0.434294 0.007764 0.006697
0 0.203319 0.438884 0.009685 0.009592
0 0.217617 0.405687 0.007686 0.007689
0 0.209507 0.413127 0.004997 0.006202
0 0.202631 0.421023 0.006157 0.008930
0 0.210238 0.456453 0.006611 0.011990
4 0.223440 0.494121 0.029345 0.014476
4 0.221295 0.482890 0.016213 0.005520
4 0.202268 0.483338 0.011345 0.012877
4 0.221008 0.511859 0.008083 0.013573
4 0.204319 0.506695 0.024797 0.014118
4 0.201884 0.519438 0.023515 0.010680
4 0.158823 0.501557 0.005850 0.005623
4 0.136069 0.502714 0.006310 0.005623
4 0.113738 0.507427 0.005005 0.004631
4 0.106013 0.506311 0.007234 0.005540
2 0.153456 0.498285 0.005658 0.005225
2 0.107651 0.511636 0.006120 0.005818
4 0.146754 0.526324 0.005772 0.005218
0 0.146871 0.502378 0.007208 0.003101
0 0.143011 0.500287 0.006384 0.002962
0 0.126856 0.501782 0.007028 0.002464
0 0.114702 0.503476 0.006424 0.003793
0 0.107334 0.502295 0.006705 0.003355
0 0.097084 0.499318 0.006795 0.002458
0 0.095432 0.502923 0.007691 0.002027
0 0.094612 0.505997 0.008403 0.002128
4 0.070899 0.499221 0.015540 0.006258
4 0.082669 0.520408 0.016447 0.010163
4 0.059992 0.460955 0.015459 0.016297
4 0.062759 0.474143 0.007003 0.005797
4 0.073136 0.450041 0.014998 0.012329
0 0.065720 0.507791 0.006952 0.003516
0 0.067598 0.503668 0.007982 0.003988
0 0.076969 0.465098 0.003426 0.010288
0 0.073631 0.464045 0.004137 0.010192
0 0.069917 0.463351 0.004003 0.010813
0 0.073164 0.480958 0.003470 0.009283
0 0.095301 0.445403 0.007899 0.008324
0 0.084438 0.447211 0.006992 0.008727
0 0.063072 0.447887 0.002348 0.006711
0 0.060199 0.447406 0.003150 0.009271
0 0.056044 0.444863 0.002873 0.009702
0 0.084205 0.439786 0.004559 0.005941
0 0.090950 0.433510 0.004972 0.005103
0 0.103017 0.427034 0.007752 0.006979
4 0.064581 0.439391 0.006726 0.006028
4 0.087292 0.430706 0.004997 0.004631
4 0.094710 0.426981 0.005380 0.004803
4 0.086484 0.421074 0.012761 0.011328
4 0.085332 0.408874 0.012914 0.013900
4 0.077414 0.394036 0.013990 0.017281
0 0.102634 0.420962 0.006545 0.006315
0 0.101611 0.417923 0.006901 0.006077
0 0.099676 0.415579 0.005609 0.005502
4 0.107294 0.406740 0.015165 0.017978
4 0.126404 0.401059 0.017515 0.016136
4 0.099206 0.388797 0.013832 0.016198
0 0.154955 0.383779 0.006353 0.009077
4 0.139992 0.389731 0.007822 0.007716
4 0.146174 0.383110 0.006457 0.004803
4 0.135145 0.376704 0.010073 0.010845
4 0.154515 0.372940 0.011607 0.008277
4 0.146174 0.361737 0.010916 0.013651
4 0.156282 0.354998 0.013759 0.008939
4 0.175346 0.363721 0.021447 0.016296
4 0.294349 0.314273 0.007559 0.006828
4 0.247551 0.290640 0.007182 0.006345
4 0.260587 0.282338 0.016855 0.013166
4 0.271541 0.284646 0.005195 0.005795
4 0.267986 0.272657 0.005388 0.004554
4 0.277947 0.266076 0.004426 0.004485
4 0.288805 0.269318 0.004363 0.004203
4 0.230192 0.272798 0.007309 0.011301
4 0.222794 0.283892 0.005323 0.007304
4 0.239102 0.251886 0.015366 0.007787
4 0.251587 0.260702 0.004875 0.004762
4 0.244188 0.258325 0.006092 0.005518
4 0.252580 0.266801 0.005068 0.004968
4 0.244541 0.270934 0.005644 0.004693
2 0.027364 0.118433 0.006764 0.005375
2 0.155733 0.006690 0.006406 0.005360
2 0.143856 0.006690 0.006051 0.006124
4 0.488525 0.222173 0.007541 0.007524
2 0.530377 0.225142 0.005764 0.005953
4 0.666527 0.172138 0.014417 0.014872
4 0.860087 0.045863 0.012683 0.009343
4 0.846440 0.054454 0.009843 0.008024
4 0.831798 0.055494 0.013467 0.008433
4 0.815540 0.060289 0.007533 0.008765
4 0.805932 0.060741 0.005073 0.004886
4 0.650425 0.683341 0.009147 0.013807
4 0.644083 0.704260 0.005381 0.018438
4 0.630515 0.689212 0.013759 0.025879
4 0.608913 0.697728 0.016828 0.006699
4 0.598499 0.708642 0.006150 0.007359
4 0.591504 0.718109 0.005074 0.007442
4 0.526514 0.664953 0.007464 0.014056
4 0.527974 0.652918 0.006388 0.006376
4 0.528436 0.679500 0.007157 0.005465
0 0.608294 0.599713 0.009142 0.008532
4 0.582833 0.563324 0.009630 0.009288
4 0.479922 0.751412 0.010294 0.015728
4 0.466836 0.750824 0.015061 0.016399
4 0.468116 0.762537 0.023899 0.007993
4 0.472889 0.770978 0.022043 0.008750
4 0.458155 0.772391 0.006284 0.010199
4 0.471512 0.778868 0.021851 0.007993
4 0.481313 0.782692 0.003658 0.004340
4 0.477181 0.787102 0.003850 0.004203
4 0.469325 0.792313 0.013383 0.004466
4 0.464061 0.786273 0.014347 0.007696
4 0.453774 0.781248 0.004597 0.004107
4 0.650412 0.906189 0.009880 0.015477
4 0.688528 0.971558 0.012498 0.009989
4 0.706752 0.978311 0.015125 0.006271
4 0.730903 0.953644 0.004363 0.003653
4 0.724529 0.955367 0.005579 0.003928
4 0.721838 0.947339 0.005066 0.005236
4 0.644794 0.938048 0.006432 0.006668
4 0.651659 0.982369 0.006662 0.005994
4 0.658257 0.972137 0.005254 0.004686
