0 0.917211 0.678434 0.021650 0.002074
0 0.394991 0.202683 0.011258 0.002380
0 0.389919 0.214143 0.009415 0.002677
0 0.495807 0.202385 0.005450 0.002005
0 0.494975 0.197423 0.007242 0.002005
0 0.490941 0.192945 0.008267 0.002005
0 0.487739 0.187880 0.009803 0.001799
0 0.477941 0.179062 0.010188 0.001937
0 0.472306 0.174342 0.008011 0.002144
0 0.459946 0.170725 0.013391 0.001799
0 0.511858 0.012406 0.011250 0.002589
0 0.500654 0.016574 0.020564 0.002192
0 0.482396 0.011910 0.021118 0.002788
0 0.464276 0.007347 0.015860 0.002194
0 0.471699 0.016623 0.010789 0.002491
0 0.485208 0.020597 0.016230 0.003076
0 0.020612 0.008202 0.017824 0.003215
0 0.051137 0.008375 0.021133 0.002642
0 0.064771 0.014058 0.009979 0.002526
0 0.051241 0.018824 0.021351 0.002067
0 0.033363 0.013513 0.020390 0.002354
0 0.687087 0.404462 0.005458 0.002729
0 0.687319 0.399626 0.006225 0.002645
0 0.687126 0.389579 0.005225 0.002396
0 0.684015 0.384742 0.010374 0.002151
0 0.683399 0.377466 0.008684 0.001984
0 0.670222 0.373167 0.022750 0.002149
0 0.669183 0.380690 0.020979 0.002480
0 0.659770 0.388669 0.009223 0.002067
0 0.649819 0.392717 0.019135 0.002242
0 0.637178 0.387926 0.010298 0.003224
0 0.649896 0.384370 0.019289 0.002895
0 0.649436 0.376555 0.018985 0.002318
0 0.634334 0.380029 0.013371 0.002482
0 0.634104 0.372381 0.013218 0.003225
0 0.624038 0.368206 0.005532 0.002976
0 0.626842 0.363200 0.006071 0.002240
0 0.623845 0.358862 0.008223 0.002315
0 0.605860 0.561542 0.020985 0.002564
0 0.592144 0.565800 0.005848 0.002149
0 0.571165 0.565552 0.015531 0.002645
1 0.992284 0.020411 0.005227 0.017033
1 0.967016 0.080697 0.014153 0.008963
2 0.977741 0.116396 0.006004 0.005551
1 0.993120 0.202787 0.009355 0.008196
1 0.986208 0.204892 0.004866 0.014891
1 0.980924 0.205341 0.009669 0.014407
5 0.244144 0.346410 0.010246 0.012411
2 0.973858 0.375082 0.006510 0.005627
1 0.975478 0.214295 0.006987 0.007372
1 0.965267 0.226286 0.013447 0.009722
2 0.842150 0.226850 0.006936 0.005364
1 0.876307 0.352990 0.012168 0.011996
1 0.883927 0.312958 0.013320 0.010342
0 0.931968 0.682923 0.010823 0.002412
0 0.900657 0.683429 0.013262 0.002005
0 0.916890 0.686875 0.021396 0.002556
0 0.897167 0.691180 0.018834 0.003453
0 0.910391 0.695797 0.014671 0.002350
0 0.873985 0.694936 0.007050 0.002418
0 0.867741 0.700000 0.007242 0.002348
0 0.893644 0.700655 0.020370 0.003106
0 0.903731 0.705133 0.007498 0.002144
0 0.876130 0.705374 0.019026 0.002900
0 0.892077 0.709474 0.017487 0.002556
0 0.869727 0.713367 0.015311 0.003314
0 0.892715 0.718949 0.019028 0.002487
0 0.872256 0.723117 0.022164 0.003106
0 0.892300 0.728284 0.019091 0.002969
0 0.870879 0.732556 0.022740 0.002556
0 0.854678 0.737792 0.011341 0.002693
0 0.866973 0.741958 0.018385 0.002617
2 0.174442 0.717803 0.006301 0.005540
0 0.296147 0.254513 0.014158 0.002411
0 0.296242 0.261300 0.012814 0.002343
0 0.254649 0.259263 0.006987 0.002693
0 0.243251 0.252510 0.007115 0.002281
0 0.404254 0.238362 0.008853 0.002281
0 0.392179 0.233887 0.013565 0.002878
0 0.388537 0.229620 0.005357 0.002482
0 0.404997 0.229819 0.014487 0.002877
0 0.415647 0.225106 0.010891 0.002580
0 0.419843 0.216822 0.012827 0.002283
0 0.431231 0.212009 0.013289 0.002183
0 0.426574 0.207742 0.010982 0.002380
0 0.436395 0.203328 0.012918 0.002482
