4 0.453214 0.799998 0.007005 0.007005
4 0.608955 0.624172 0.009701 0.008848
4 0.267472 0.940847 0.008905 0.007565
1 0.731835 0.976514 0.006461 0.006284
4 0.206687 0.869508 0.007231 0.005423
4 0.154264 0.852085 0.007163 0.004949
4 0.039032 0.878861 0.007965 0.006715
4 0.115691 0.813773 0.007656 0.006986
4 0.205966 0.817764 0.007427 0.007292
4 0.111941 0.372430 0.007805 0.007645
4 0.112350 0.161112 0.007692 0.007464
4 0.755462 0.391844 0.007828 0.007648
4 0.694622 0.497268 0.008134 0.007639
2 0.533620 0.413383 0.006752 0.006579
