1 0.853925 0.242260 0.008705 0.005855
1 0.853760 0.280902 0.008313 0.006944
1 0.916429 0.274768 0.007968 0.006411
1 0.211737 0.908550 0.009574 0.007991
1 0.821219 0.172093 0.011053 0.007068
1 0.514221 0.386175 0.014542 0.010601
1 0.712185 0.304483 0.011429 0.009531
1 0.720442 0.372720 0.009172 0.009091
4 0.661019 0.198696 0.009172 0.009096
2 0.845944 0.591083 0.005963 0.006312
1 0.923191 0.679667 0.007684 0.009091
4 0.965305 0.837155 0.008775 0.008516
1 0.778780 0.279409 0.009347 0.010432
1 0.102198 0.612058 0.008402 0.008061
4 0.019431 0.561083 0.006621 0.006953
4 0.069031 0.592134 0.007937 0.007937
4 0.153650 0.441323 0.009874 0.008434
2 0.237470 0.438713 0.006903 0.005841
4 0.063109 0.290296 0.007851 0.007753
4 0.110064 0.078406 0.008775 0.008268
6 0.553908 0.198828 0.012243 0.008946
1 0.567765 0.630033 0.011376 0.009934
4 0.990442 0.117193 0.007843 0.008103
4 0.794571 0.144754 0.008853 0.006955
4 0.704735 0.099157 0.007691 0.007523
1 0.754657 0.164694 0.008871 0.006200
