1 0.938790 0.553469 0.008586 0.008268
1 0.672816 0.609969 0.007970 0.007246
1 0.671773 0.621008 0.008816 0.008001
1 0.855914 0.738084 0.010685 0.006847
1 0.872564 0.740169 0.008563 0.008029
3 0.934185 0.335339 0.004028 0.004468
3 0.937959 0.329550 0.003783 0.004116
3 0.932442 0.326057 0.003871 0.004114
3 0.925879 0.327253 0.004449 0.004592
3 0.915802 0.332062 0.004226 0.004163
3 0.909684 0.331607 0.004093 0.004594
3 0.920051 0.344668 0.003915 0.004311
3 0.912132 0.340649 0.004361 0.003927
3 0.900341 0.337084 0.004894 0.004645
3 0.903326 0.346962 0.004119 0.004184
3 0.924864 0.334718 0.003781 0.004226
3 0.828549 0.356511 0.004223 0.004592
3 0.825452 0.349190 0.004329 0.004306
3 0.826520 0.364607 0.004223 0.004364
3 0.817096 0.362195 0.004597 0.004938
3 0.813412 0.355678 0.004704 0.005109
3 0.817364 0.370349 0.004704 0.004708
3 0.805057 0.368971 0.005184 0.004594
3 0.797582 0.371239 0.004757 0.004765
3 0.800519 0.363373 0.004437 0.004077
3 0.792777 0.360645 0.004970 0.005052
1 0.732204 0.449004 0.007565 0.006986
2 0.760727 0.306397 0.006488 0.005865
1 0.766754 0.199795 0.010505 0.006246
1 0.785182 0.165327 0.009743 0.006178
1 0.483837 0.128521 0.009239 0.006115
1 0.411685 0.071001 0.008883 0.006206
1 0.175815 0.131207 0.009877 0.008235
1 0.143936 0.124005 0.008764 0.007039
1 0.195425 0.012349 0.007363 0.006813
1 0.184187 0.008250 0.007389 0.006590
1 0.180272 0.200433 0.009023 0.006279
1 0.195551 0.207429 0.009053 0.007014
1 0.137616 0.200134 0.008743 0.006745
1 0.045313 0.196858 0.008438 0.007541
1 0.313896 0.511877 0.009597 0.005905
1 0.762147 0.031365 0.008565 0.005946
3 0.811950 0.112962 0.005900 0.007035
1 0.961489 0.208222 0.009748 0.008757
1 0.965226 0.182359 0.010104 0.006412
1 0.943742 0.100911 0.009826 0.007695
3 0.874819 0.083043 0.003705 0.005317
1 0.044175 0.159353 0.007386 0.007321
1 0.027428 0.144726 0.008631 0.005837
1 0.090143 0.131375 0.008777 0.006379
3 0.229256 0.141609 0.003931 0.004507
1 0.048973 0.295370 0.008935 0.007496
1 0.172099 0.272133 0.009334 0.007409
1 0.062236 0.390504 0.009047 0.006822
1 0.028782 0.361473 0.008342 0.007178
1 0.067155 0.452028 0.008497 0.006923
1 0.103192 0.458133 0.009732 0.007875
1 0.153652 0.471970 0.007802 0.007115
1 0.242721 0.425982 0.009118 0.006750
1 0.249818 0.477203 0.007742 0.006321
1 0.040318 0.528318 0.009700 0.006745
1 0.037203 0.552074 0.009344 0.006796
1 0.030598 0.575024 0.009864 0.006274
1 0.017935 0.617403 0.010187 0.007304
1 0.096483 0.636721 0.008268 0.004386
1 0.140956 0.630162 0.009937 0.007695
1 0.133428 0.623842 0.009792 0.006937
1 0.045844 0.672841 0.009974 0.006583
6 0.216545 0.859948 0.011573 0.008905
1 0.453007 0.948167 0.007625 0.005926
1 0.478956 0.917953 0.006855 0.005994
1 0.476744 0.893537 0.008971 0.006833
1 0.456936 0.883949 0.008115 0.007063
1 0.501089 0.854071 0.009071 0.008104
1 0.608675 0.879409 0.009034 0.008062
1 0.613442 0.796079 0.009482 0.007098
1 0.535022 0.750859 0.007816 0.005926
3 0.541043 0.743631 0.004048 0.005600
3 0.463044 0.758630 0.005019 0.005460
1 0.636419 0.682689 0.008169 0.006838
3 0.677125 0.695804 0.004913 0.005748
1 0.413698 0.589294 0.008409 0.007852
2 0.425679 0.571564 0.006095 0.005837
1 0.511880 0.503134 0.008596 0.005224
1 0.458420 0.503616 0.008063 0.006317
1 0.446701 0.486058 0.010359 0.006602
1 0.471741 0.466679 0.010464 0.007121
1 0.470861 0.449426 0.010411 0.007177
1 0.555970 0.470991 0.009255 0.006651
1 0.535625 0.457805 0.009951 0.007676
1 0.593653 0.511972 0.008716 0.006700
1 0.530690 0.538309 0.008320 0.006843
1 0.511936 0.550749 0.008808 0.006461
1 0.517253 0.564769 0.008677 0.007033
1 0.534694 0.550749 0.007875 0.007798
1 0.533559 0.549075 0.008365 0.007512
1 0.463400 0.543489 0.009482 0.008277
1 0.460658 0.416830 0.009034 0.005925
1 0.452104 0.399776 0.009739 0.006408
1 0.365765 0.404937 0.009162 0.006200
1 0.389303 0.393674 0.009227 0.007100
1 0.358243 0.300552 0.008842 0.006408
1 0.343773 0.310425 0.010193 0.007856
1 0.446139 0.205219 0.007112 0.005856
1 0.502747 0.266704 0.009972 0.006647
1 0.657792 0.357889 0.008651 0.006317
1 0.574505 0.376780 0.007961 0.005340
1 0.545734 0.191624 0.010763 0.008682
1 0.384518 0.126678 0.009675 0.007028
1 0.405431 0.172220 0.008677 0.005980
1 0.493561 0.190252 0.007386 0.005746
1 0.559093 0.033877 0.008458 0.007241
1 0.129005 0.166239 0.008436 0.007005
1 0.511122 0.518672 0.007654 0.007129
3 0.528687 0.370829 0.004752 0.005345
1 0.869834 0.775147 0.009097 0.006822
1 0.557854 0.776925 0.009036 0.007805
1 0.113208 0.934337 0.009937 0.007372
1 0.715296 0.599831 0.009156 0.009012
1 0.887254 0.070126 0.007435 0.005598
1 0.453325 0.800627 0.008589 0.009639
2 0.907134 0.388279 0.006845 0.005499
1 0.701966 0.751033 0.009553 0.008055
1 0.375572 0.359975 0.008823 0.006494
1 0.825203 0.421619 0.009919 0.007854
1 0.807552 0.481148 0.007206 0.006431
1 0.859634 0.551213 0.010974 0.005862
1 0.857357 0.700381 0.010947 0.006269
1 0.855132 0.706505 0.010945 0.006267
1 0.963940 0.648517 0.007688 0.006777
1 0.783348 0.627075 0.008534 0.007110
1 0.865426 0.718933 0.008777 0.005863
1 0.651982 0.613387 0.008527 0.007304
1 0.649196 0.609907 0.008462 0.006822
1 0.628630 0.632782 0.007951 0.006958
1 0.605600 0.614072 0.008521 0.006345
1 0.623621 0.599923 0.007475 0.006841
3 0.626486 0.594199 0.004140 0.004453
3 0.622764 0.586740 0.004418 0.005284
1 0.606685 0.581026 0.008828 0.007297
1 0.575414 0.583114 0.007415 0.006015
1 0.573287 0.578777 0.008938 0.007496
1 0.566259 0.563174 0.009122 0.008133
1 0.578235 0.551850 0.008082 0.007894
1 0.570764 0.549019 0.008195 0.007177
1 0.588190 0.535900 0.008490 0.007177
1 0.605041 0.547424 0.008898 0.008214
1 0.641287 0.596753 0.008682 0.007657
1 0.590859 0.577603 0.007410 0.005926
