1 0.422643 0.329061 0.009786 0.007368
1 0.396017 0.327643 0.006929 0.006061
1 0.365397 0.315491 0.008538 0.009130
1 0.770800 0.021998 0.005646 0.006554
1 0.801969 0.043793 0.005558 0.010239
1 0.306959 0.309678 0.010302 0.005426
1 0.166856 0.384869 0.008818 0.005504
1 0.168308 0.387978 0.008226 0.005746
1 0.028014 0.394618 0.006492 0.008277
1 0.017542 0.395240 0.007426 0.008947
1 0.089622 0.299821 0.008005 0.007512
1 0.378653 0.237738 0.009451 0.009177
6 0.140991 0.010424 0.013045 0.010447
6 0.063941 0.039539 0.006992 0.009012
6 0.037805 0.123437 0.012219 0.009593
1 0.547392 0.395975 0.007992 0.007689
1 0.568296 0.420739 0.009235 0.008784
1 0.482175 0.415887 0.008451 0.007416
1 0.438613 0.548168 0.007380 0.006014
1 0.390709 0.638394 0.008005 0.008268
1 0.397939 0.649074 0.005923 0.007923
1 0.425257 0.627198 0.009552 0.007119
6 0.606460 0.041786 0.012170 0.011540
6 0.593446 0.122440 0.010316 0.009670
1 0.938730 0.424546 0.010137 0.004767
1 0.259019 0.280370 0.008078 0.008737
1 0.908460 0.056308 0.006999 0.007939
1 0.968704 0.096996 0.010994 0.009012
1 0.926831 0.091001 0.007613 0.008598
1 0.766240 0.300778 0.010680 0.006044
1 0.832932 0.091995 0.012049 0.008565
1 0.790675 0.056473 0.006625 0.009570
1 0.798834 0.042811 0.005248 0.009426
4 0.117387 0.425077 0.009129 0.009365
6 0.201507 0.453796 0.012427 0.009309
6 0.011396 0.631314 0.007263 0.013379
6 0.083538 0.512239 0.012934 0.008653
1 0.486307 0.679067 0.009025 0.009091
1 0.453358 0.679396 0.006392 0.005881
1 0.469912 0.701139 0.008543 0.008916
1 0.311453 0.673687 0.007819 0.007896
1 0.301708 0.677176 0.008485 0.008254
1 0.487154 0.911041 0.011342 0.008468
1 0.854760 0.387313 0.007843 0.007816
1 0.938730 0.419321 0.009390 0.005456
1 0.282890 0.922579 0.007855 0.007088
1 0.764318 0.446906 0.008538 0.007304
1 0.677186 0.541583 0.008683 0.008009
1 0.305543 0.851226 0.011066 0.009161
1 0.297334 0.874031 0.007784 0.007788
1 0.416700 0.381854 0.011356 0.007033
1 0.235781 0.466682 0.008057 0.004035
1 0.968358 0.206923 0.009649 0.006221
1 0.872910 0.212234 0.009485 0.004868
1 0.873026 0.028344 0.008223 0.008382
1 0.355399 0.127143 0.009219 0.007374
1 0.183903 0.147689 0.007812 0.008337
1 0.187119 0.284056 0.009757 0.008516
1 0.198490 0.298483 0.009604 0.008598
1 0.054537 0.136793 0.009156 0.009723
1 0.121029 0.127391 0.008067 0.010060
1 0.125639 0.146993 0.007939 0.007235
1 0.106806 0.104727 0.007719 0.009570
1 0.404184 0.335181 0.007736 0.007274
1 0.401139 0.362564 0.008182 0.008086
1 0.423490 0.365392 0.009871 0.006700
1 0.436024 0.396862 0.009071 0.006507
