1 0.965830 0.689990 0.010173 0.004824
1 0.749143 0.686392 0.008804 0.007522
1 0.754345 0.715330 0.004480 0.010622
1 0.927043 0.805753 0.010059 0.004300
1 0.765476 0.822788 0.011011 0.003451
1 0.913100 0.889464 0.010622 0.003934
0 0.899554 0.939588 0.015570 0.005571
1 0.894157 0.982055 0.010435 0.003313
1 0.844118 0.989806 0.010429 0.003521
1 0.749304 0.895358 0.007954 0.008231
1 0.670376 0.873798 0.010278 0.004822
1 0.544863 0.953992 0.003021 0.011244
1 0.508727 0.978028 0.003264 0.011301
1 0.480798 0.966969 0.003072 0.011784
4 0.462944 0.893523 0.005306 0.005382
4 0.458300 0.903817 0.006151 0.004639
4 0.449738 0.914484 0.005460 0.004970
4 0.433384 0.932177 0.005766 0.005631
4 0.429198 0.941768 0.005997 0.004473
4 0.423363 0.938379 0.005075 0.004970
4 0.421904 0.953757 0.005691 0.005136
4 0.406318 0.954832 0.005689 0.005465
4 0.394224 0.953799 0.005614 0.005219
4 0.393572 0.944084 0.005383 0.005467
4 0.411193 0.945200 0.005306 0.005878
4 0.344600 0.938082 0.005075 0.004556
4 0.336730 0.944365 0.005152 0.005053
4 0.327516 0.945647 0.005612 0.004804
4 0.327118 0.930464 0.013565 0.009096
1 0.341502 0.855534 0.010877 0.003927
1 0.104998 0.494284 0.006450 0.009432
1 0.085303 0.489406 0.008216 0.007779
1 0.202420 0.453656 0.009278 0.005518
1 0.264189 0.496193 0.009278 0.005312
1 0.244161 0.472215 0.009534 0.005174
1 0.407817 0.358676 0.008318 0.007511
1 0.403625 0.337833 0.008511 0.006889
1 0.681961 0.425250 0.010416 0.004871
1 0.626445 0.466432 0.009398 0.005853
4 0.589659 0.431769 0.015674 0.008245
1 0.634304 0.700787 0.010622 0.003583
4 0.433356 0.605306 0.004804 0.004824
1 0.556453 0.684962 0.008445 0.007192
4 0.431196 0.614464 0.005070 0.004766
4 0.427277 0.608693 0.005018 0.004824
1 0.640344 0.581408 0.007231 0.008682
1 0.692764 0.660339 0.008216 0.008102
1 0.700041 0.765030 0.009408 0.005756
4 0.996528 0.080461 0.004840 0.005451
1 0.962943 0.127118 0.008776 0.006620
4 0.990957 0.146254 0.005614 0.005021
4 0.878623 0.109330 0.018466 0.009813
4 0.980346 0.143607 0.014070 0.008186
4 0.867978 0.096545 0.005841 0.007044
2 0.245705 0.408461 0.006483 0.005617
10 0.993224 0.178461 0.008403 0.004321
4 0.869741 0.085527 0.005630 0.005467
4 0.858408 0.078239 0.007471 0.005358
4 0.841824 0.083845 0.005445 0.004863
4 0.833008 0.109048 0.005506 0.005055
4 0.820027 0.114099 0.005998 0.004774
4 0.805946 0.108452 0.006622 0.005656
4 0.800407 0.118324 0.005354 0.004762
4 0.869900 0.122936 0.005188 0.005925
4 0.765613 0.046021 0.005992 0.005035
4 0.755628 0.046117 0.005429 0.004713
4 0.730748 0.046561 0.005064 0.005811
4 0.714952 0.121288 0.006270 0.005460
4 0.691039 0.110965 0.005813 0.005469
4 0.679982 0.104468 0.004894 0.004970
4 0.662982 0.101094 0.005169 0.004376
4 0.681268 0.090333 0.006912 0.006648
4 0.618346 0.080888 0.005252 0.006250
4 0.597892 0.071760 0.005620 0.005458
4 0.583610 0.067643 0.005805 0.005159
4 0.529806 0.042953 0.005573 0.005430
4 0.511099 0.033237 0.006103 0.005430
4 0.485358 0.015092 0.007430 0.005714
4 0.640421 0.134570 0.005653 0.005270
4 0.629001 0.151487 0.004876 0.004385
4 0.625606 0.163569 0.004501 0.006348
4 0.586256 0.155523 0.005164 0.003971
4 0.572723 0.156316 0.004899 0.005557
4 0.560588 0.140035 0.005838 0.005858
4 0.555290 0.148802 0.004229 0.004900
4 0.544003 0.140174 0.005234 0.005081
4 0.555180 0.165139 0.004632 0.004653
4 0.545454 0.160039 0.005056 0.004892
4 0.521923 0.147468 0.005548 0.005617
4 0.522135 0.134256 0.004935 0.004480
4 0.504411 0.125295 0.006203 0.006124
4 0.500444 0.134945 0.006085 0.005580
4 0.486975 0.131052 0.005637 0.004547
4 0.480155 0.113300 0.005957 0.005800
4 0.522615 0.164952 0.005126 0.004961
4 0.509978 0.176596 0.004548 0.005236
4 0.451043 0.102899 0.005457 0.005869
4 0.450123 0.090947 0.005352 0.004443
4 0.729646 0.166532 0.006918 0.004300
4 0.721053 0.189299 0.004162 0.006045
4 0.673345 0.207245 0.004530 0.006553
4 0.661606 0.209029 0.005712 0.004367
4 0.656813 0.196875 0.006818 0.004663
4 0.637511 0.192014 0.006357 0.005060
4 0.624750 0.192311 0.005897 0.005062
4 0.616135 0.211261 0.005252 0.005853
4 0.618623 0.223763 0.005252 0.005654
4 0.627882 0.245343 0.005159 0.004961
4 0.612864 0.243259 0.004975 0.005358
4 0.617332 0.250553 0.011149 0.007044
4 0.577667 0.251396 0.004607 0.005358
4 0.578773 0.241176 0.005897 0.005160
4 0.579971 0.230559 0.006082 0.005953
4 0.668235 0.262806 0.005907 0.005358
4 0.655336 0.267073 0.006458 0.005358
4 0.640685 0.277142 0.006460 0.004863
4 0.628200 0.285874 0.006182 0.004663
4 0.633222 0.262507 0.005354 0.004366
4 0.619263 0.271487 0.005262 0.005456
4 0.608713 0.284187 0.004800 0.005656
4 0.598398 0.295200 0.004809 0.006847
4 0.588857 0.307851 0.005262 0.005754
4 0.557392 0.307800 0.004617 0.004663
4 0.669457 0.221322 0.005151 0.005210
4 0.617232 0.164249 0.004543 0.004822
4 0.618257 0.171897 0.005054 0.005511
4 0.629106 0.130033 0.005828 0.005169
4 0.626770 0.138164 0.005894 0.004892
4 0.633232 0.140746 0.005254 0.004961
4 0.730745 0.176209 0.004764 0.005358
4 0.721791 0.174781 0.005650 0.006311
4 0.713553 0.187103 0.006645 0.005240
4 0.712778 0.201034 0.005540 0.004764
4 0.621952 0.148880 0.005075 0.004803
4 0.587332 0.166584 0.005375 0.005167
4 0.545742 0.147465 0.004735 0.004824
4 0.537584 0.145673 0.005054 0.004959
4 0.536112 0.138576 0.005311 0.004410
4 0.508933 0.143461 0.005221 0.005293
4 0.494295 0.124371 0.004800 0.005270
4 0.480070 0.122375 0.005982 0.005726
4 0.442477 0.101777 0.004876 0.004774
4 0.439387 0.096605 0.004866 0.005120
4 0.453590 0.084870 0.005871 0.005250
4 0.446569 0.079037 0.005098 0.004774
4 0.707633 0.115301 0.005813 0.004871
4 0.693074 0.102453 0.005998 0.005171
4 0.725543 0.038305 0.005452 0.006366
4 0.745083 0.041613 0.005682 0.005375
4 0.765892 0.036858 0.005529 0.005127
4 0.795262 0.108501 0.005188 0.004616
4 0.821592 0.103540 0.004997 0.005028
4 0.845426 0.100336 0.005445 0.005236
4 0.834005 0.098820 0.005254 0.005649
4 0.856944 0.096202 0.006470 0.005375
4 0.993976 0.136113 0.004607 0.005754
4 0.991646 0.083045 0.004530 0.005293
4 0.990745 0.216725 0.005245 0.006202
4 0.991002 0.243906 0.004864 0.005307
4 0.987898 0.233468 0.008126 0.011024
4 0.977372 0.236051 0.004990 0.005719
4 0.514691 0.239007 0.005710 0.005109
4 0.500427 0.243830 0.013336 0.008209
4 0.326354 0.054910 0.004843 0.004833
4 0.310579 0.050627 0.005198 0.004785
4 0.295984 0.051130 0.004799 0.004833
4 0.283941 0.054479 0.004799 0.004545
4 0.269256 0.064886 0.004843 0.004401
4 0.276499 0.042733 0.005110 0.004690
4 0.263569 0.052278 0.005200 0.005405
4 0.251394 0.065987 0.004843 0.004977
4 0.247595 0.078283 0.005065 0.004593
4 0.238485 0.086490 0.005599 0.004355
4 0.212513 0.081559 0.004755 0.005317
4 0.213536 0.062946 0.013196 0.008186
4 0.226533 0.065554 0.004709 0.004598
4 0.227488 0.049907 0.005643 0.005555
4 0.243529 0.044357 0.005732 0.005365
4 0.326032 0.101667 0.011468 0.009855
4 0.346250 0.103390 0.004804 0.004975
4 0.347474 0.095112 0.004931 0.004785
4 0.341917 0.088222 0.006003 0.006412
4 0.182822 0.010205 0.004935 0.005719
4 0.161003 0.023917 0.005316 0.005444
4 0.167561 0.030842 0.005254 0.005099
4 0.173672 0.018715 0.012227 0.007303
4 0.145710 0.006243 0.006085 0.004961
4 0.132658 0.010516 0.009028 0.013918
1 0.023022 0.010712 0.008002 0.007367
4 0.025723 0.052857 0.015416 0.009302
4 0.056511 0.062899 0.005018 0.005111
4 0.047872 0.062699 0.005231 0.004478
4 0.037288 0.058736 0.004537 0.005742
4 0.058003 0.070823 0.004697 0.004766
4 0.045313 0.075216 0.004591 0.005398
4 0.039954 0.074527 0.005070 0.005511
4 0.031343 0.068527 0.005871 0.005224
4 0.077249 0.064449 0.005011 0.004651
4 0.086716 0.055522 0.006031 0.005167
1 0.076372 0.057875 0.010190 0.005282
4 0.257883 0.122756 0.004869 0.005375
4 0.244318 0.135504 0.005252 0.005788
4 0.228899 0.151936 0.009732 0.009854
4 0.228994 0.166441 0.005190 0.004824
4 0.217605 0.166130 0.006980 0.005167
4 0.182221 0.171814 0.006468 0.004686
4 0.173758 0.151126 0.020897 0.012439
4 0.158099 0.201717 0.005318 0.005099
1 0.365704 0.109825 0.009751 0.005539
4 0.334185 0.131571 0.005682 0.005705
4 0.336987 0.148727 0.005758 0.006283
4 0.340980 0.157615 0.004530 0.005044
4 0.339367 0.171630 0.017736 0.009425
4 0.316333 0.149554 0.005606 0.005622
4 0.314222 0.180435 0.005835 0.004547
4 0.286426 0.167165 0.005069 0.004796
4 0.291570 0.181634 0.005681 0.005953
4 0.273603 0.181924 0.004607 0.005374
4 0.283585 0.194078 0.005069 0.004547
4 0.272874 0.200031 0.005758 0.005539
4 0.262930 0.194285 0.004607 0.004961
4 0.281820 0.231709 0.026553 0.015042
1 0.075134 0.205790 0.009702 0.004824
1 0.037435 0.174900 0.009439 0.005167
4 0.027709 0.271161 0.006026 0.005913
4 0.019711 0.288587 0.006025 0.005167
4 0.038906 0.311523 0.019782 0.010159
4 0.017444 0.309717 0.005013 0.005511
4 0.021897 0.328952 0.005597 0.005857
4 0.031309 0.336962 0.005439 0.005569
4 0.016858 0.348589 0.005226 0.004595
4 0.079065 0.365544 0.016286 0.014387
4 0.385438 0.262825 0.006542 0.005654
4 0.389953 0.269026 0.004331 0.006350
4 0.385070 0.307375 0.010781 0.014387
4 0.372493 0.340116 0.005897 0.008435
4 0.344345 0.359315 0.006358 0.006946
4 0.354341 0.363582 0.005897 0.007143
4 0.328682 0.380251 0.017046 0.013692
4 0.293714 0.404559 0.018427 0.008135
4 0.283625 0.345821 0.017414 0.010716
4 0.275563 0.333221 0.006082 0.004764
4 0.303619 0.316751 0.005435 0.004961
4 0.313018 0.303802 0.005437 0.005257
4 0.319559 0.287927 0.005252 0.004663
4 0.301417 0.435503 0.016265 0.012741
4 0.315016 0.426037 0.005208 0.005240
4 0.451819 0.387433 0.004892 0.005656
4 0.415010 0.386590 0.005169 0.005358
4 0.412016 0.393884 0.005262 0.006251
4 0.418835 0.406285 0.004524 0.005456
4 0.402755 0.418688 0.005354 0.005656
4 0.412799 0.427319 0.013277 0.008632
4 0.490729 0.492348 0.022928 0.015945
4 0.573031 0.558946 0.015434 0.014470
4 0.560016 0.566677 0.004147 0.004630
4 0.585815 0.547164 0.005375 0.005788
4 0.383554 0.534952 0.015488 0.012402
4 0.393597 0.542046 0.005722 0.005555
4 0.386963 0.548247 0.006090 0.005257
4 0.348358 0.580890 0.004617 0.005259
4 0.355774 0.591309 0.005813 0.005060
4 0.340391 0.609366 0.005070 0.004863
4 0.330764 0.615080 0.006172 0.005754
4 0.312244 0.626937 0.005067 0.005456
4 0.306715 0.635122 0.005067 0.005557
4 0.313672 0.640233 0.005344 0.005062
4 0.316620 0.651643 0.004792 0.005656
4 0.315607 0.661168 0.004975 0.005259
4 0.313488 0.677439 0.013820 0.014783
4 0.267188 0.669452 0.013175 0.016669
4 0.276907 0.691875 0.004419 0.005358
4 0.267004 0.693612 0.005252 0.005656
4 0.255072 0.696639 0.005712 0.004762
4 0.230773 0.694212 0.017442 0.012746
4 0.244388 0.662413 0.004314 0.004593
4 0.262740 0.650810 0.005025 0.004450
4 0.258119 0.637580 0.005380 0.005167
4 0.246055 0.643105 0.005871 0.004833
4 0.222793 0.640498 0.005115 0.004785
4 0.209197 0.636072 0.005203 0.004450
4 0.208308 0.647915 0.006180 0.005263
4 0.223004 0.625500 0.004057 0.005455
4 0.214206 0.621337 0.005231 0.005053
4 0.235215 0.621280 0.006617 0.005626
4 0.234255 0.614415 0.005231 0.004656
4 0.241777 0.609997 0.004797 0.005226
4 0.218941 0.596807 0.005025 0.004690
4 0.231518 0.590779 0.012574 0.008710
4 0.234182 0.578006 0.004936 0.004789
4 0.218007 0.582525 0.005736 0.005599
4 0.218052 0.566953 0.006180 0.004695
4 0.232540 0.567141 0.005908 0.005167
4 0.205255 0.571042 0.005646 0.004737
4 0.196879 0.564990 0.006314 0.005173
4 0.183372 0.564800 0.005692 0.005268
4 0.172174 0.565928 0.013422 0.010301
4 0.170975 0.580324 0.005602 0.005312
4 0.135114 0.560901 0.014961 0.009249
4 0.128865 0.553013 0.005520 0.005303
4 0.130365 0.572552 0.005633 0.004586
4 0.113424 0.561746 0.005669 0.005145
4 0.012153 0.478992 0.005606 0.004713
4 0.011773 0.494084 0.005444 0.005617
4 0.050141 0.421111 0.005280 0.004658
4 0.032998 0.420451 0.006291 0.004829
4 0.022014 0.409284 0.006718 0.004771
1 0.037515 0.429475 0.009491 0.005167
1 0.050818 0.445318 0.009437 0.005405
4 0.044884 0.613975 0.004982 0.004545
4 0.047106 0.622469 0.005691 0.005552
4 0.160274 0.766227 0.016597 0.015002
4 0.049718 0.872435 0.015686 0.015842
4 0.038065 0.873668 0.006516 0.006378
4 0.021443 0.927674 0.016450 0.011524
4 0.004343 0.928911 0.005177 0.006172
4 0.036441 0.968927 0.020080 0.010493
4 0.402745 0.775091 0.010172 0.015004
4 0.393237 0.775449 0.006854 0.005478
4 0.411370 0.777057 0.005306 0.004882
4 0.414797 0.768842 0.004645 0.005358
4 0.374660 0.768782 0.005082 0.005238
4 0.374164 0.759251 0.005417 0.005012
4 0.371400 0.750024 0.006303 0.005606
4 0.398489 0.746154 0.005196 0.004774
4 0.403741 0.736094 0.005085 0.005370
4 0.407887 0.729247 0.006082 0.005488
4 0.238101 0.749643 0.009286 0.017513
4 0.242303 0.734225 0.005529 0.005964
4 0.326502 0.580383 0.012339 0.013301
4 0.319271 0.590734 0.005838 0.005145
4 0.314146 0.582776 0.004805 0.004967
4 0.312673 0.569926 0.005318 0.005174
4 0.291688 0.504922 0.012394 0.014896
4 0.280465 0.495754 0.006314 0.005608
4 0.276043 0.484801 0.006092 0.006084
4 0.240218 0.498612 0.005429 0.004655
4 0.235613 0.491043 0.005439 0.004822
4 0.220736 0.492628 0.005119 0.004272
4 0.221857 0.503032 0.005183 0.005511
4 0.215809 0.505272 0.005887 0.005719
4 0.227646 0.510819 0.005502 0.005374
4 0.230239 0.501792 0.005823 0.005375
0 0.906657 0.239975 0.017782 0.004166
0 0.878421 0.244633 0.016043 0.002591
0 0.884179 0.251281 0.016502 0.002788
0 0.897586 0.255553 0.016226 0.004563
0 0.801104 0.247648 0.012162 0.002526
0 0.782575 0.247850 0.013602 0.002584
0 0.789694 0.251782 0.013123 0.002411
0 0.654581 0.210482 0.012900 0.007027
0 0.638572 0.199490 0.014666 0.008691
0 0.626325 0.232566 0.011979 0.008516
0 0.627784 0.239180 0.012746 0.006863
0 0.607490 0.307303 0.013668 0.011990
0 0.613137 0.311479 0.013738 0.013891
0 0.603191 0.329793 0.009828 0.008186
0 0.589293 0.340954 0.008907 0.017281
0 0.590176 0.353482 0.003455 0.016371
0 0.678347 0.340831 0.019165 0.002878
0 0.673230 0.347032 0.021462 0.004565
0 0.579418 0.377962 0.010110 0.009783
0 0.583033 0.381442 0.010173 0.010405
0 0.522691 0.408120 0.015298 0.009921
0 0.530082 0.411703 0.011781 0.008130
0 0.545534 0.414873 0.015043 0.010060
0 0.526979 0.425863 0.013250 0.007372
1 0.509574 0.444775 0.009925 0.005099
0 0.451295 0.509292 0.010516 0.005264
0 0.454036 0.512661 0.012442 0.005781
0 0.425376 0.520895 0.017331 0.005344
1 0.747338 0.485204 0.010771 0.003100
1 0.401556 0.063231 0.009637 0.005312
1 0.256043 0.009138 0.008957 0.006546
0 0.077244 0.522170 0.011388 0.002957
0 0.069309 0.528092 0.017660 0.003375
0 0.916990 0.791094 0.017977 0.003373
0 0.920722 0.796304 0.019912 0.004068
1 0.726436 0.254331 0.009085 0.006477
1 0.979658 0.555143 0.010412 0.003373
1 0.946857 0.566107 0.009674 0.005259
1 0.896963 0.563527 0.010136 0.004861
1 0.780083 0.598808 0.004887 0.010527
1 0.805070 0.671466 0.008714 0.007081
