1 0.636931 0.258830 0.005757 0.002640
2 0.394272 0.155773 0.005519 0.005567
2 0.052860 0.091405 0.005508 0.004765
0 0.457559 0.916783 0.004745 0.013820
9 0.013575 0.923823 0.006667 0.005148
9 0.740888 0.529781 0.006264 0.004018
0 0.181921 0.091133 0.008507 0.011919
0 0.385061 0.212554 0.012536 0.004260
0 0.398279 0.211656 0.010600 0.010221
0 0.401226 0.216171 0.012260 0.012502
0 0.602265 0.286389 0.008001 0.012523
0 0.041403 0.402382 0.002564 0.009989
0 0.045721 0.399913 0.003310 0.011712
0 0.906306 0.551451 0.003262 0.015708
0 0.142244 0.515495 0.003582 0.013926
0 0.146241 0.515946 0.002877 0.013436
0 0.425998 0.755111 0.006013 0.010336
2 0.305154 0.708231 0.006716 0.005857
0 0.284760 0.686021 0.007036 0.005339
0 0.272314 0.681428 0.012632 0.003846
0 0.279057 0.679562 0.007889 0.003905
0 0.279537 0.674451 0.008209 0.003101
2 0.172182 0.753444 0.007599 0.006118
0 0.150580 0.715244 0.012132 0.013314
0 0.136796 0.809736 0.007838 0.016769
2 0.270407 0.838807 0.006354 0.005117
0 0.618573 0.782239 0.008316 0.012265
0 0.630792 0.773694 0.008181 0.004548
0 0.641727 0.777519 0.007420 0.016055
0 0.574114 0.724356 0.011591 0.003390
0 0.561794 0.727953 0.011360 0.003306
0 0.845657 0.719353 0.002985 0.029883
0 0.839688 0.728223 0.002542 0.013334
0 0.751980 0.749848 0.011799 0.005258
0 0.751196 0.745730 0.011891 0.004763
2 0.938505 0.829085 0.007254 0.006258
0 0.558384 0.781072 0.013264 0.010814
0 0.562068 0.789307 0.011238 0.008235
0 0.574779 0.783057 0.013817 0.011212
0 0.548759 0.821504 0.005434 0.013890
2 0.563598 0.851017 0.006397 0.005885
0 0.126855 0.888264 0.011194 0.007511
0 0.095034 0.876034 0.006780 0.009784
0 0.169173 0.922777 0.012434 0.007028
0 0.125308 0.931624 0.010208 0.006035
0 0.128416 0.935262 0.010284 0.006532
0 0.148760 0.961348 0.009050 0.010417
0 0.051875 0.941091 0.006908 0.011740
2 0.797650 0.375273 0.006447 0.005458
1 0.414077 0.359253 0.004071 0.005018
2 0.529603 0.873603 0.006400 0.006465
1 0.259431 0.267286 0.005757 0.003067
1 0.491337 0.269991 0.002877 0.006138
1 0.458907 0.267963 0.004797 0.004272
1 0.399185 0.306478 0.004028 0.005030
1 0.285458 0.345924 0.004542 0.004410
1 0.432997 0.513330 0.005734 0.002392
1 0.268255 0.411490 0.005803 0.002592
1 0.288139 0.469186 0.005598 0.003110
1 0.235881 0.480454 0.002354 0.006028
1 0.253670 0.498900 0.005063 0.003588
2 0.336438 0.523333 0.006525 0.005995
1 0.210982 0.549719 0.003157 0.005933
1 0.292345 0.587536 0.003598 0.004885
1 0.209347 0.603655 0.003785 0.005224
1 0.362860 0.605633 0.002878 0.006092
1 0.373758 0.659756 0.005380 0.003152
2 0.481717 0.666149 0.006662 0.005549
2 0.395057 0.698784 0.006667 0.005412
1 0.399524 0.705988 0.002887 0.006219
1 0.356014 0.698332 0.005247 0.003636
1 0.208671 0.664064 0.002841 0.006118
1 0.186523 0.702196 0.002559 0.006201
1 0.268346 0.745231 0.002842 0.006129
1 0.217020 0.752578 0.002532 0.006364
1 0.191074 0.813974 0.003454 0.005443
1 0.215332 0.857796 0.003077 0.005443
1 0.286267 0.856762 0.005763 0.002412
1 0.277696 0.893142 0.003205 0.005719
2 0.403685 0.893715 0.008366 0.006698
2 0.387490 0.866926 0.006831 0.006035
1 0.353832 0.865478 0.004758 0.004631
1 0.304594 0.843319 0.002687 0.006118
1 0.325433 0.826246 0.003531 0.005042
1 0.335791 0.810375 0.003831 0.005201
2 0.376935 0.825584 0.006447 0.006366
1 0.382655 0.841211 0.004374 0.004051
1 0.436168 0.726849 0.004135 0.004641
1 0.405611 0.796822 0.005390 0.003445
1 0.467277 0.795126 0.005555 0.003235
1 0.495141 0.737109 0.005375 0.003588
1 0.524279 0.700958 0.004041 0.004977
1 0.564633 0.723948 0.003375 0.005412
1 0.524678 0.753783 0.003516 0.005350
1 0.551113 0.742402 0.005244 0.003390
1 0.615885 0.744390 0.003684 0.005288
1 0.605627 0.763969 0.004064 0.005288
1 0.558741 0.797580 0.004532 0.003905
1 0.557539 0.825772 0.002350 0.005972
1 0.520235 0.858230 0.004670 0.004134
1 0.784118 0.847453 0.003838 0.005044
1 0.804410 0.774015 0.004076 0.004631
2 0.817035 0.731592 0.006607 0.006286
1 0.823483 0.739000 0.004460 0.004382
1 0.778584 0.715678 0.002609 0.006541
1 0.825279 0.671676 0.003079 0.005465
1 0.829884 0.657661 0.002924 0.006375
1 0.772347 0.609232 0.004478 0.004754
1 0.782964 0.586599 0.004606 0.003996
1 0.471181 0.564244 0.005065 0.003403
1 0.545392 0.604534 0.004220 0.004882
1 0.549281 0.641358 0.003646 0.005313
1 0.641548 0.639670 0.005757 0.002763
1 0.662016 0.664613 0.004861 0.003728
1 0.715969 0.648214 0.003774 0.004968
1 0.614876 0.568160 0.003910 0.004928
1 0.650034 0.558471 0.005286 0.003542
1 0.646791 0.579476 0.005552 0.002776
1 0.684569 0.590098 0.005153 0.003924
1 0.698784 0.573973 0.005864 0.002774
1 0.528777 0.400757 0.003311 0.005224
1 0.551057 0.392403 0.004909 0.003445
1 0.586478 0.336908 0.004217 0.005110
1 0.539651 0.318677 0.003949 0.005053
1 0.750791 0.342655 0.004712 0.004019
1 0.737423 0.325875 0.005019 0.003493
1 0.700258 0.284586 0.004752 0.004210
1 0.621207 0.304797 0.003743 0.005184
1 0.633760 0.290580 0.005490 0.002876
2 0.664394 0.213777 0.006662 0.005700
1 0.478594 0.066246 0.004130 0.004549
1 0.555544 0.117688 0.004478 0.004140
1 0.524361 0.119110 0.003838 0.005037
1 0.520782 0.153299 0.002693 0.006140
1 0.515825 0.206006 0.002501 0.006270
1 0.468748 0.206527 0.002245 0.006346
1 0.351869 0.196935 0.003485 0.005353
1 0.390014 0.164167 0.004706 0.004705
1 0.401655 0.144753 0.002076 0.006148
1 0.296019 0.081145 0.005330 0.002919
1 0.232701 0.023519 0.005229 0.003389
1 0.188972 0.102682 0.004035 0.004746
1 0.055316 0.111323 0.004484 0.004420
1 0.037673 0.146204 0.004484 0.004249
1 0.070400 0.161822 0.003949 0.004708
1 0.092735 0.165496 0.004696 0.003675
1 0.191512 0.243551 0.005704 0.002756
1 0.100255 0.270377 0.004004 0.004765
1 0.130039 0.290792 0.004797 0.004019
1 0.173704 0.348148 0.004584 0.004083
1 0.169270 0.657636 0.003520 0.005223
1 0.154667 0.659587 0.002816 0.005705
1 0.127520 0.573260 0.005373 0.003859
1 0.086967 0.594133 0.003838 0.004968
1 0.018018 0.634019 0.004214 0.004479
1 0.100423 0.664478 0.005383 0.003157
1 0.129127 0.678288 0.004797 0.003445
1 0.077156 0.691034 0.004904 0.003675
1 0.011461 0.701254 0.005809 0.002640
1 0.065684 0.775814 0.002885 0.006002
1 0.144199 0.777333 0.005124 0.004341
1 0.055230 0.813872 0.003257 0.005691
1 0.114455 0.819636 0.003151 0.005403
1 0.099834 0.905226 0.003154 0.005509
1 0.017533 0.937976 0.005773 0.002553
1 0.044399 0.963726 0.003864 0.005555
1 0.076848 0.973966 0.003553 0.005171
1 0.196854 0.914935 0.003553 0.005364
1 0.178665 0.980487 0.003598 0.004981
1 0.216311 0.957875 0.003247 0.005459
1 0.250093 0.934428 0.003380 0.005364
1 0.336041 0.885598 0.004907 0.003988
1 0.346258 0.901643 0.004883 0.004071
1 0.309868 0.935205 0.005175 0.003618
1 0.276845 0.978297 0.003305 0.005053
1 0.316474 0.975341 0.002934 0.006032
1 0.362204 0.945890 0.002665 0.006258
1 0.403910 0.962104 0.002591 0.005452
1 0.458940 0.965811 0.004696 0.004025
1 0.512164 0.957389 0.003823 0.005406
1 0.500015 0.929828 0.003336 0.005599
1 0.549609 0.915617 0.004801 0.004258
1 0.742745 0.846131 0.003643 0.005502
2 0.692127 0.857926 0.006889 0.005647
1 0.699656 0.846418 0.002669 0.005981
1 0.653031 0.871951 0.002509 0.006092
1 0.645785 0.907176 0.002506 0.005345
1 0.709132 0.881915 0.004163 0.004767
1 0.573391 0.955082 0.004092 0.004355
1 0.588918 0.980250 0.004309 0.004737
1 0.636866 0.935703 0.005245 0.003396
1 0.670925 0.953900 0.003949 0.004882
1 0.681780 0.976580 0.003357 0.005627
1 0.724409 0.903436 0.003736 0.005341
1 0.743705 0.915120 0.004163 0.004823
1 0.804437 0.918869 0.004378 0.005456
1 0.743513 0.977045 0.004294 0.004705
1 0.804487 0.962284 0.004241 0.004585
1 0.778597 0.986235 0.004069 0.004802
2 0.963647 0.986287 0.007179 0.005839
1 0.858549 0.990683 0.004961 0.003186
1 0.957749 0.953178 0.005847 0.002398
1 0.895655 0.944208 0.002536 0.006367
1 0.875822 0.920523 0.002580 0.006081
1 0.847407 0.798720 0.004733 0.004479
1 0.826492 0.838235 0.003966 0.005099
1 0.919079 0.858112 0.002751 0.006546
1 0.912171 0.791852 0.004489 0.004889
1 0.982482 0.737413 0.005011 0.003452
1 0.959482 0.728284 0.005065 0.003336
2 0.919616 0.694698 0.006662 0.005512
1 0.897733 0.662728 0.003838 0.005166
1 0.864193 0.632494 0.003151 0.005426
1 0.889917 0.623425 0.002258 0.006260
1 0.876543 0.566569 0.004030 0.004410
1 0.866565 0.560024 0.004030 0.004687
1 0.905949 0.532058 0.003510 0.005693
1 0.981251 0.553658 0.002983 0.005518
2 0.735718 0.502237 0.007906 0.005890
1 0.794968 0.529684 0.005704 0.002353
1 0.788175 0.453239 0.004774 0.003670
1 0.795856 0.486952 0.005516 0.002912
1 0.845171 0.492798 0.004376 0.004306
1 0.967212 0.455603 0.004442 0.003977
1 0.960903 0.379668 0.002665 0.005583
1 0.966418 0.363759 0.004665 0.004228
4 0.972650 0.072467 0.016382 0.013917
1 0.924273 0.307175 0.004222 0.004410
1 0.797369 0.271544 0.004983 0.004067
1 0.745284 0.261375 0.004338 0.004366
1 0.821060 0.200447 0.004371 0.004823
1 0.829642 0.173461 0.002239 0.006085
1 0.938918 0.200990 0.004425 0.004655
1 0.768471 0.123129 0.003785 0.005053
1 0.754330 0.029000 0.004606 0.003968
1 0.774977 0.031857 0.002764 0.005714
1 0.802145 0.050372 0.003684 0.005051
1 0.789683 0.025751 0.002303 0.006053
