8 0.749423 0.470651 0.016814 0.015928
8 0.365814 0.774077 0.009152 0.011129
8 0.499381 0.671240 0.012043 0.008774
8 0.987132 0.584738 0.010247 0.008834
8 0.791628 0.252294 0.007382 0.009707
8 0.520735 0.183046 0.008502 0.010873
8 0.526487 0.306268 0.007421 0.008514
8 0.732346 0.156949 0.009366 0.007650
8 0.532151 0.132570 0.009962 0.009904
8 0.285145 0.563048 0.016290 0.011922
8 0.800701 0.724881 0.006835 0.016940
8 0.816218 0.752465 0.014451 0.008470
8 0.828217 0.722820 0.012116 0.013734
8 0.952073 0.174526 0.012396 0.008506
0 0.604075 0.245918 0.004765 0.008094
8 0.915408 0.230695 0.011614 0.011986
