1 0.309943 0.744174 0.008045 0.008154
1 0.867117 0.191590 0.008593 0.005340
1 0.895286 0.425843 0.007300 0.008480
1 0.982577 0.461332 0.009590 0.007096
1 0.816076 0.467154 0.007330 0.006794
1 0.708270 0.455906 0.009140 0.009783
1 0.606368 0.814277 0.010100 0.007230
6 0.241453 0.473113 0.020756 0.009183
1 0.187466 0.885335 0.009028 0.004927
6 0.640834 0.106533 0.018028 0.006718
6 0.691398 0.106926 0.011537 0.010527
1 0.548793 0.170091 0.010324 0.006555
1 0.653966 0.381291 0.007777 0.005799
1 0.760901 0.352899 0.009815 0.004421
1 0.590465 0.518214 0.006371 0.007098
1 0.619717 0.527378 0.006050 0.005168
1 0.561762 0.637887 0.009017 0.006718
1 0.557265 0.708107 0.010996 0.005804
1 0.324248 0.599793 0.010481 0.006846
1 0.358285 0.632732 0.010125 0.005954
1 0.553393 0.865277 0.008045 0.006207
1 0.476257 0.755925 0.008175 0.005719
