6 0.103106 0.790860 0.012721 0.011493
6 0.613294 0.646589 0.013649 0.008598
1 0.575369 0.557590 0.010077 0.012072
6 0.628104 0.392192 0.012868 0.011161
1 0.472079 0.471629 0.009767 0.010426
1 0.466745 0.183061 0.009206 0.007520
1 0.363771 0.159191 0.009303 0.010329
1 0.220686 0.590189 0.008462 0.013644
1 0.032544 0.589789 0.008856 0.012953
1 0.180863 0.853635 0.009612 0.009643
1 0.471866 0.591009 0.010085 0.012319
1 0.613361 0.211723 0.009223 0.011328
1 0.356635 0.332120 0.008525 0.008939
1 0.162240 0.489369 0.008450 0.009756
1 0.382758 0.732600 0.009147 0.012824
1 0.371092 0.081250 0.009581 0.011312
3 0.142210 0.085390 0.005082 0.004519
1 0.367418 0.027923 0.009690 0.010818
1 0.139527 0.861560 0.010179 0.009704
1 0.122255 0.920357 0.010827 0.009643
6 0.974255 0.535213 0.015013 0.010291
6 0.958901 0.713578 0.014670 0.006476
6 0.952348 0.743757 0.010723 0.010611
6 0.900246 0.839041 0.012845 0.010120
1 0.927701 0.727874 0.009232 0.013725
1 0.820091 0.754658 0.006697 0.012264
1 0.580677 0.965798 0.010900 0.013207
1 0.958252 0.701947 0.008980 0.012608
1 0.944470 0.523899 0.010343 0.008611
1 0.723204 0.596758 0.008721 0.012410
1 0.747686 0.572333 0.009238 0.013442
6 0.881706 0.511536 0.015116 0.010252
