6 0.063395 0.433981 0.013962 0.009302
6 0.235949 0.150913 0.014213 0.011816
6 0.309229 0.173783 0.013015 0.010923
6 0.348980 0.041170 0.012682 0.010748
1 0.440835 0.028019 0.007879 0.006684
6 0.523885 0.168309 0.008967 0.009232
6 0.603603 0.254514 0.012298 0.007441
1 0.830547 0.238358 0.007762 0.008186
1 0.691667 0.088262 0.007467 0.007230
1 0.969063 0.705798 0.004262 0.006219
1 0.907242 0.559246 0.008584 0.008423
1 0.837751 0.313974 0.008806 0.008618
1 0.654154 0.446463 0.008428 0.008610
3 0.177077 0.108856 0.003858 0.004705
1 0.277668 0.194765 0.006983 0.006938
1 0.898436 0.174894 0.007751 0.007861
6 0.495193 0.081658 0.007820 0.014883
6 0.503510 0.818534 0.012438 0.009761
6 0.876958 0.239064 0.014849 0.009129
