1 0.284103 0.606864 0.010052 0.007988
1 0.339404 0.597874 0.010665 0.009652
1 0.270816 0.631833 0.008127 0.006408
1 0.155367 0.744323 0.007089 0.007298
6 0.065238 0.790826 0.012084 0.008183
4 0.751768 0.754140 0.008253 0.007637
4 0.856116 0.769585 0.008887 0.007866
1 0.158822 0.914469 0.009712 0.005655
1 0.423769 0.667866 0.006577 0.008054
1 0.272300 0.732275 0.006551 0.006374
1 0.189263 0.883489 0.006159 0.006754
1 0.189935 0.772263 0.005713 0.004192
1 0.490570 0.720454 0.008629 0.007234
1 0.527788 0.729095 0.008047 0.005226
1 0.657872 0.686119 0.009212 0.006615
1 0.659393 0.541473 0.007936 0.006959
1 0.697578 0.507226 0.014348 0.012739
4 0.726061 0.652195 0.010268 0.010621
4 0.820788 0.597698 0.010320 0.008613
1 0.704248 0.411248 0.007362 0.006268
1 0.794881 0.437646 0.007829 0.010048
4 0.910137 0.329999 0.009310 0.008843
4 0.900056 0.192307 0.007681 0.008336
1 0.823158 0.138016 0.006718 0.008843
1 0.810699 0.119946 0.006455 0.007924
6 0.031241 0.361605 0.009846 0.009991
4 0.198351 0.282005 0.009912 0.009509
4 0.086046 0.397586 0.009402 0.009784
6 0.053669 0.894940 0.007208 0.011483
4 0.864913 0.074886 0.009294 0.008185
4 0.904948 0.081873 0.007999 0.008104
4 0.804770 0.037326 0.006433 0.006420
6 0.054656 0.424315 0.008187 0.008755
1 0.943745 0.257960 0.007623 0.006613
1 0.959373 0.261698 0.006736 0.006911
3 0.256164 0.845181 0.004325 0.004689
3 0.246389 0.808890 0.003931 0.004068
3 0.232857 0.815663 0.004165 0.004121
3 0.380391 0.750444 0.004042 0.004586
3 0.047780 0.975155 0.004470 0.004751
1 0.578534 0.607892 0.005691 0.005742
4 0.974225 0.082524 0.007891 0.006986
6 0.295770 0.502293 0.010533 0.011139
6 0.304310 0.343536 0.012442 0.011100
6 0.622788 0.237238 0.011872 0.009714
6 0.393101 0.068872 0.012697 0.010048
4 0.444804 0.096882 0.007561 0.007314
6 0.606525 0.075382 0.011239 0.009995
1 0.513783 0.083991 0.007543 0.006273
1 0.839953 0.050067 0.007249 0.005569
1 0.828198 0.059070 0.006984 0.008726
2 0.824048 0.103402 0.007200 0.005799
1 0.794018 0.191828 0.006208 0.006062
1 0.524089 0.369185 0.007717 0.007272
4 0.515150 0.282145 0.008784 0.008817
1 0.483571 0.284903 0.007641 0.007302
1 0.484212 0.319176 0.007231 0.006800
1 0.507878 0.414579 0.007847 0.006986
1 0.503324 0.399660 0.007936 0.007034
4 0.525723 0.503042 0.008416 0.007057
1 0.335508 0.745766 0.007535 0.008811
3 0.362078 0.775094 0.004565 0.004355
3 0.384443 0.793336 0.004044 0.003958
1 0.430591 0.639923 0.007200 0.010852
6 0.058330 0.322183 0.011481 0.010507
6 0.079327 0.272461 0.010347 0.009922
4 0.159197 0.036809 0.009629 0.008842
6 0.121229 0.080972 0.012798 0.009260
1 0.433151 0.083004 0.007623 0.006048
