0 0.829253 0.126134 0.015860 0.007063
0 0.829785 0.133426 0.011708 0.007406
0 0.839018 0.131589 0.012507 0.007752
0 0.833889 0.139534 0.014468 0.007984
1 0.796779 0.130301 0.008979 0.004863
1 0.788259 0.067185 0.009136 0.006152
1 0.709259 0.046374 0.010431 0.004019
1 0.691327 0.148079 0.010542 0.003503
1 0.473800 0.091132 0.009420 0.005341
1 0.379804 0.043545 0.010426 0.003545
1 0.330125 0.165225 0.009314 0.005857
4 0.103417 0.151641 0.004055 0.005357
4 0.101950 0.158570 0.004357 0.005052
4 0.100195 0.164518 0.004470 0.004765
4 0.100514 0.174193 0.004576 0.004823
4 0.099530 0.179849 0.004736 0.004650
4 0.097561 0.185389 0.004418 0.004248
4 0.093836 0.190242 0.004416 0.004650
4 0.070899 0.207065 0.004630 0.004305
4 0.066083 0.207008 0.004470 0.004536
4 0.061374 0.206922 0.003671 0.004479
4 0.063555 0.201037 0.004204 0.004192
4 0.057667 0.222832 0.003889 0.003905
4 0.052318 0.226106 0.004369 0.004937
4 0.047343 0.226306 0.005060 0.004076
4 0.255153 0.173745 0.004736 0.004421
4 0.261273 0.177334 0.004418 0.004363
4 0.267659 0.182330 0.004205 0.004018
4 0.273034 0.187525 0.004630 0.004421
4 0.275109 0.193900 0.004736 0.004307
4 0.237151 0.221506 0.004277 0.004132
4 0.239989 0.227108 0.004583 0.003912
4 0.234353 0.227149 0.004767 0.004152
4 0.234039 0.233489 0.004214 0.003912
4 0.233208 0.238813 0.004103 0.003628
4 0.228551 0.238333 0.004251 0.004271
4 0.229696 0.245632 0.004250 0.004106
4 0.226259 0.251374 0.004176 0.004506
4 0.224541 0.256756 0.004434 0.004825
4 0.219423 0.256737 0.004323 0.004386
4 0.216872 0.264153 0.010681 0.009730
4 0.209259 0.266626 0.004398 0.004067
4 0.204362 0.266446 0.003769 0.004585
4 0.214526 0.271730 0.004583 0.004544
4 0.209426 0.271789 0.004212 0.004187
4 0.204584 0.271530 0.004214 0.004626
4 0.210811 0.276434 0.004176 0.003907
4 0.206099 0.276594 0.004434 0.004307
4 0.190422 0.356976 0.016739 0.010685
4 0.196834 0.365149 0.004176 0.004067
4 0.191958 0.365327 0.004364 0.004190
4 0.187542 0.365167 0.004106 0.004351
4 0.182794 0.364948 0.004512 0.004152
4 0.183403 0.370630 0.004477 0.003952
4 0.178506 0.370490 0.004586 0.004550
4 0.178118 0.375674 0.004032 0.003831
4 0.173333 0.375475 0.004366 0.004469
4 0.169581 0.380080 0.005068 0.004111
4 0.229027 0.330078 0.004251 0.003952
4 0.224186 0.329859 0.004325 0.004070
4 0.219049 0.329840 0.004250 0.004190
4 0.228843 0.335481 0.004398 0.003833
4 0.224094 0.335282 0.004140 0.004072
4 0.219049 0.335043 0.004176 0.004310
4 0.226377 0.340647 0.003977 0.003824
4 0.214713 0.340232 0.004107 0.003935
4 0.210167 0.286630 0.004475 0.004386
4 0.209206 0.291854 0.004328 0.004465
4 0.204346 0.291634 0.004217 0.004347
4 0.204327 0.296638 0.004401 0.004307
4 0.199449 0.291774 0.004401 0.004544
4 0.194700 0.291893 0.004070 0.004305
4 0.180195 0.291715 0.004771 0.003309
4 0.199339 0.296599 0.004328 0.003908
4 0.194609 0.296659 0.004478 0.004187
4 0.189619 0.296219 0.004475 0.004266
4 0.184907 0.296259 0.004290 0.004426
4 0.180103 0.296200 0.004661 0.003829
4 0.175354 0.296100 0.003884 0.004266
4 0.199043 0.302221 0.004772 0.004146
4 0.194201 0.302280 0.004771 0.004187
4 0.189286 0.302101 0.004106 0.003829
4 0.199191 0.306986 0.004032 0.003787
4 0.194608 0.306966 0.003588 0.003908
4 0.175298 0.301404 0.004439 0.004026
4 0.173192 0.306528 0.004437 0.003988
4 0.168018 0.306547 0.004512 0.003949
4 0.163324 0.306468 0.004290 0.003868
4 0.158446 0.306387 0.004512 0.003868
4 0.153586 0.306268 0.004031 0.003789
4 0.148745 0.303915 0.004032 0.004028
4 0.130859 0.313066 0.004106 0.003908
4 0.130655 0.319226 0.004808 0.004666
4 0.131117 0.324709 0.004328 0.004227
4 0.131154 0.330989 0.004548 0.004026
4 0.109833 0.333203 0.004406 0.003988
4 0.131450 0.337389 0.004328 0.004227
4 0.127403 0.341656 0.004364 0.003907
4 0.126369 0.337549 0.004143 0.003908
4 0.121120 0.337568 0.004364 0.003789
4 0.116264 0.337469 0.004470 0.004544
4 0.111678 0.337410 0.004254 0.004345
4 0.106911 0.337469 0.004326 0.004227
4 0.113563 0.342433 0.004326 0.004106
4 0.108721 0.342314 0.004550 0.004106
4 0.104028 0.342314 0.004032 0.004028
4 0.112010 0.347876 0.003662 0.004227
4 0.107650 0.348013 0.004550 0.004111
4 0.103159 0.348133 0.003846 0.004509
4 0.107151 0.357904 0.010425 0.010567
4 0.107669 0.367713 0.004068 0.005064
4 0.103049 0.367952 0.003773 0.004744
4 0.102405 0.374093 0.004026 0.004585
4 0.099334 0.379635 0.004032 0.004187
4 0.098079 0.384559 0.004548 0.004146
4 0.092960 0.387292 0.004882 0.005223
4 0.091796 0.392914 0.004326 0.004347
4 0.086898 0.392833 0.004287 0.004585
4 0.082131 0.394090 0.004586 0.004307
4 0.087084 0.397220 0.004068 0.004026
4 0.080936 0.423315 0.004109 0.003877
4 0.075738 0.423384 0.004107 0.004062
4 0.080968 0.429949 0.004088 0.004085
4 0.077984 0.435995 0.004107 0.003577
4 0.077952 0.449678 0.003959 0.003945
4 0.073675 0.457974 0.011530 0.008906
4 0.073483 0.464827 0.004173 0.004016
4 0.068541 0.465207 0.004303 0.004592
4 0.063729 0.465046 0.004300 0.004453
4 0.067622 0.470158 0.004302 0.004016
4 0.062607 0.469742 0.004321 0.004153
4 0.057785 0.469857 0.004130 0.004106
4 0.061762 0.474854 0.004171 0.003900
4 0.056801 0.474922 0.004387 0.004270
4 0.052160 0.475049 0.004643 0.004062
4 0.055538 0.480102 0.004044 0.003785
4 0.050502 0.480241 0.004535 0.004014
4 0.045701 0.480068 0.004258 0.004315
4 0.049294 0.485410 0.004343 0.003739
4 0.044428 0.485560 0.004323 0.003900
4 0.039435 0.485525 0.004044 0.004107
4 0.038857 0.490106 0.004472 0.004176
4 0.034312 0.490440 0.004366 0.004062
4 0.028569 0.492932 0.004387 0.003739
4 0.022614 0.494455 0.004408 0.003877
1 0.019105 0.579720 0.007545 0.007676
1 0.089900 0.577041 0.008184 0.007115
1 0.088605 0.587959 0.008813 0.006890
1 0.162293 0.700027 0.008963 0.006349
2 0.150846 0.896778 0.005948 0.005316
1 0.277744 0.724293 0.006704 0.009186
1 0.298814 0.705490 0.003518 0.011082
0 0.235329 0.721107 0.007663 0.010278
0 0.245440 0.728657 0.006706 0.008384
0 0.240039 0.733137 0.004524 0.008842
1 0.242855 0.691227 0.005050 0.009803
1 0.377345 0.937600 0.006652 0.009205
1 0.418897 0.964798 0.008341 0.006978
1 0.335476 0.896485 0.003593 0.011101
1 0.340673 0.816831 0.008352 0.007734
0 0.353773 0.814079 0.007576 0.012282
0 0.356987 0.808717 0.006464 0.010647
0 0.362680 0.821217 0.007428 0.011085
1 0.329673 0.782767 0.007170 0.007537
1 0.406787 0.565597 0.006828 0.008900
1 0.468929 0.493064 0.008208 0.007514
1 0.266485 0.488119 0.008383 0.007181
0 0.325799 0.470288 0.014823 0.003269
0 0.336146 0.469192 0.009353 0.002990
0 0.328034 0.464347 0.011682 0.002234
0 0.380802 0.437041 0.011801 0.004597
0 0.368960 0.435986 0.009229 0.002404
0 0.376743 0.444221 0.011047 0.002201
0 0.338588 0.440359 0.016445 0.002192
1 0.173559 0.463467 0.009388 0.005581
1 0.705993 0.285665 0.008644 0.006946
1 0.759145 0.308882 0.008092 0.007938
1 0.648650 0.247804 0.008409 0.007121
1 0.633101 0.395291 0.003173 0.011364
1 0.402208 0.305325 0.010005 0.004479
1 0.458223 0.268001 0.009276 0.005662
1 0.475045 0.188930 0.009332 0.005552
1 0.534988 0.216655 0.009515 0.005221
1 0.644319 0.649909 0.005688 0.009863
1 0.452598 0.702316 0.008906 0.005626
1 0.486875 0.851626 0.010163 0.004379
1 0.523168 0.876376 0.010627 0.003463
1 0.542388 0.916518 0.009535 0.005026
1 0.696218 0.981337 0.005045 0.010067
1 0.836629 0.974674 0.003299 0.011202
1 0.732546 0.671931 0.007095 0.008518
1 0.798169 0.688681 0.006833 0.008809
2 0.758956 0.594953 0.006593 0.005054
1 0.720719 0.600753 0.005594 0.010106
0 0.706481 0.592341 0.002660 0.011885
0 0.702466 0.594293 0.002613 0.013263
2 0.624067 0.516544 0.007495 0.006078
2 0.620320 0.545826 0.006562 0.005119
1 0.345165 0.251160 0.005440 0.010088
1 0.747108 0.850745 0.003087 0.011369
1 0.572523 0.768161 0.006654 0.009246
10 0.037219 0.815711 0.009450 0.005311
2 0.855070 0.600475 0.005979 0.005676
1 0.847508 0.426021 0.008150 0.007500
0 0.833031 0.113990 0.014369 0.006430
0 0.842982 0.117866 0.012559 0.007292
0 0.827205 0.121512 0.014635 0.006086
2 0.910169 0.781808 0.006854 0.006234
2 0.948251 0.527685 0.006190 0.005949
1 0.916262 0.444159 0.008021 0.007776
0 0.941534 0.400248 0.012239 0.002250
0 0.934483 0.395295 0.017828 0.002583
0 0.942177 0.388644 0.012549 0.002201
0 0.930225 0.384816 0.014369 0.003063
0 0.940137 0.377663 0.011752 0.004546
0 0.925724 0.376085 0.011220 0.002248
1 0.946917 0.374878 0.008782 0.006557
1 0.913380 0.308568 0.003438 0.011484
0 0.919515 0.265936 0.004325 0.014074
0 0.915800 0.279441 0.005839 0.010247
1 0.924655 0.270565 0.003660 0.011325
2 0.968675 0.228137 0.006471 0.005984
1 0.984022 0.173596 0.009239 0.005582
1 0.963724 0.132706 0.004547 0.010712
1 0.986318 0.111303 0.003768 0.011163
0 0.909380 0.065928 0.005133 0.011161
0 0.914860 0.062909 0.006743 0.016536
0 0.915120 0.052599 0.005210 0.011658
2 0.037697 0.518619 0.005759 0.005316
0 0.826232 0.746698 0.014045 0.010767
0 0.825892 0.741714 0.011826 0.010832
2 0.816140 0.735900 0.005813 0.005424
1 0.852234 0.836975 0.004844 0.010328
2 0.966360 0.931243 0.006067 0.005683
1 0.939018 0.989120 0.006417 0.008974
1 0.905362 0.943327 0.006804 0.009410
1 0.958168 0.906428 0.003234 0.011098
