3 0.106170 0.138534 0.006762 0.007235
4 0.787241 0.021617 0.011172 0.009922
4 0.655308 0.387436 0.011231 0.010164
4 0.785843 0.501266 0.011555 0.009928
4 0.894146 0.040504 0.009846 0.010680
2 0.568587 0.438572 0.006810 0.006316
2 0.576726 0.419541 0.006171 0.006148
3 0.438910 0.571422 0.006299 0.006795
4 0.564840 0.297485 0.010732 0.011094
4 0.752689 0.253196 0.011498 0.010336
2 0.760717 0.272777 0.005746 0.005339
2 0.113520 0.907380 0.005426 0.005686
4 0.690701 0.350375 0.013289 0.012263
4 0.837851 0.373500 0.011796 0.011201
3 0.319116 0.913245 0.006391 0.006341
3 0.305675 0.915003 0.005899 0.006602
3 0.292908 0.927994 0.006343 0.006747
4 0.097114 0.723941 0.010745 0.011196
3 0.090102 0.262434 0.006314 0.006617
3 0.065617 0.218758 0.005852 0.006367
3 0.070449 0.215026 0.006117 0.006655
3 0.073974 0.192540 0.006340 0.005885
3 0.084436 0.177515 0.005808 0.005981
