1 0.509702 0.177559 0.005640 0.002817
1 0.166995 0.808277 0.004369 0.004746
1 0.124593 0.596891 0.005476 0.003232
1 0.753382 0.700684 0.002828 0.005984
1 0.624464 0.642662 0.004765 0.004039
2 0.868045 0.322646 0.006285 0.005993
1 0.789136 0.019069 0.002414 0.006317
1 0.834165 0.680437 0.005611 0.003416
1 0.924096 0.658011 0.005552 0.002996
1 0.894506 0.732809 0.005142 0.004071
1 0.090768 0.175564 0.002980 0.006258
1 0.908013 0.058427 0.002813 0.006269
1 0.844208 0.063164 0.005650 0.003749
1 0.750453 0.038249 0.005275 0.004066
1 0.893334 0.189702 0.002552 0.006460
1 0.840501 0.220445 0.005542 0.003430
1 0.738844 0.103859 0.004986 0.003588
2 0.678089 0.058969 0.007361 0.006559
1 0.631183 0.020349 0.004786 0.004307
1 0.499581 0.066232 0.005211 0.003790
1 0.402834 0.080955 0.003188 0.005970
2 0.369354 0.027153 0.006541 0.005304
1 0.332073 0.037696 0.004173 0.004824
1 0.317997 0.020413 0.002468 0.006878
1 0.218895 0.070164 0.002513 0.006451
1 0.232462 0.050245 0.002247 0.006313
1 0.079666 0.089325 0.002806 0.006180
1 0.179832 0.130178 0.002931 0.006143
1 0.215331 0.115722 0.002806 0.006021
1 0.356734 0.090754 0.004679 0.004824
1 0.387838 0.136065 0.004832 0.003779
1 0.259531 0.171826 0.002696 0.006304
1 0.175039 0.193451 0.002650 0.005883
1 0.051349 0.172921 0.005618 0.002963
1 0.732400 0.714069 0.003572 0.005507
1 0.709586 0.761685 0.005640 0.002601
1 0.761707 0.744344 0.004761 0.004530
2 0.780754 0.763998 0.006994 0.005970
1 0.823029 0.754984 0.002493 0.006334
1 0.786584 0.828802 0.002892 0.006168
1 0.767590 0.793918 0.002652 0.006023
1 0.742403 0.794286 0.003543 0.005417
1 0.715642 0.804195 0.005514 0.004891
1 0.717228 0.863074 0.004113 0.005235
1 0.696101 0.882337 0.004113 0.005077
1 0.732216 0.877291 0.003467 0.005520
1 0.714820 0.890772 0.004643 0.004448
0 0.848109 0.862918 0.016290 0.006549
1 0.929274 0.962912 0.002409 0.006242
1 0.791252 0.930246 0.003676 0.005801
1 0.726704 0.942044 0.005480 0.003494
1 0.662167 0.985837 0.005852 0.002313
2 0.565726 0.933469 0.007210 0.006389
1 0.170203 0.982081 0.002755 0.006272
1 0.266586 0.815354 0.003118 0.006069
2 0.272880 0.757848 0.006774 0.005569
1 0.178616 0.797235 0.004228 0.004900
1 0.684033 0.645525 0.003707 0.005291
1 0.735727 0.636664 0.004679 0.004385
1 0.615891 0.570995 0.004761 0.004296
1 0.647712 0.552657 0.005130 0.003703
1 0.588804 0.549198 0.005882 0.002653
1 0.724428 0.550848 0.005186 0.003825
1 0.556361 0.564575 0.005573 0.003292
1 0.536934 0.593019 0.005926 0.002724
1 0.510975 0.590310 0.005640 0.002695
1 0.442258 0.582036 0.006013 0.002447
1 0.406962 0.631225 0.005854 0.003267
1 0.368617 0.622907 0.004794 0.004333
1 0.344938 0.644540 0.005224 0.003795
1 0.332557 0.739663 0.004146 0.004847
1 0.335057 0.724681 0.003976 0.004921
1 0.229651 0.528270 0.002652 0.006099
1 0.206919 0.518448 0.002619 0.006132
1 0.137602 0.443752 0.002792 0.006398
1 0.067085 0.423634 0.004920 0.003878
2 0.060385 0.396498 0.007276 0.006104
1 0.106041 0.334481 0.003692 0.005449
1 0.063509 0.628241 0.004489 0.004386
1 0.053997 0.609605 0.007200 0.005784
1 0.152411 0.609648 0.003638 0.005534
1 0.153557 0.629343 0.005166 0.003719
2 0.187000 0.607643 0.006295 0.004834
1 0.085040 0.677396 0.005514 0.003306
1 0.049915 0.727274 0.005577 0.002729
1 0.198596 0.749745 0.005416 0.003152
2 0.095521 0.810316 0.006046 0.005729
1 0.017677 0.896727 0.003485 0.005599
1 0.072606 0.891982 0.004159 0.004718
1 0.138121 0.840721 0.004561 0.004406
1 0.159004 0.852710 0.004086 0.004811
1 0.168238 0.835156 0.004118 0.004741
1 0.174620 0.858110 0.002742 0.006363
1 0.064698 0.193811 0.005204 0.003489
1 0.150060 0.870267 0.004489 0.004670
1 0.301812 0.711076 0.003539 0.005838
2 0.165383 0.880930 0.006984 0.005993
1 0.115790 0.971001 0.005672 0.002743
2 0.283093 0.697832 0.006282 0.005612
2 0.230353 0.810659 0.006306 0.006248
3 0.362415 0.763497 0.004866 0.004815
1 0.563345 0.606560 0.003348 0.005293
3 0.569087 0.610676 0.004961 0.005249
1 0.560841 0.501894 0.006003 0.002782
1 0.468743 0.418661 0.003810 0.005398
1 0.469405 0.376900 0.004115 0.005328
1 0.352309 0.592367 0.004706 0.004131
1 0.254937 0.390541 0.002444 0.006476
1 0.258396 0.345151 0.003143 0.006345
1 0.318594 0.355483 0.002408 0.006037
1 0.345030 0.304751 0.003877 0.005582
1 0.280732 0.291032 0.004489 0.004367
1 0.313083 0.269693 0.003949 0.005559
2 0.145433 0.877924 0.006575 0.005814
1 0.480498 0.116410 0.003597 0.005559
2 0.629360 0.193850 0.006769 0.006251
1 0.646526 0.201094 0.003556 0.005596
1 0.620652 0.228063 0.005677 0.003304
2 0.427954 0.797557 0.006877 0.005838
2 0.132834 0.554701 0.006882 0.005591
1 0.270578 0.225737 0.002944 0.006288
1 0.346420 0.205495 0.002885 0.006163
1 0.392550 0.307740 0.002762 0.006727
2 0.571142 0.221975 0.006547 0.005906
2 0.586432 0.352675 0.006264 0.005081
2 0.644187 0.339822 0.007040 0.005948
2 0.816807 0.346186 0.007445 0.006451
2 0.848898 0.343061 0.007066 0.005948
