0 0.279967 0.700526 0.010899 0.010527
0 0.641486 0.732955 0.009824 0.010135
0 0.558905 0.904240 0.010638 0.010813
2 0.277915 0.751369 0.007093 0.006267
0 0.623722 0.758642 0.009781 0.010451
8 0.835790 0.622256 0.009786 0.009475
8 0.747993 0.765498 0.011492 0.013097
2 0.260559 0.569346 0.006925 0.005550
0 0.698477 0.653886 0.009704 0.009508
8 0.922472 0.952103 0.010677 0.010958
8 0.741079 0.613687 0.006871 0.008813
8 0.686779 0.562869 0.008454 0.009302
8 0.666553 0.596304 0.010105 0.008039
8 0.594747 0.585803 0.009740 0.009366
8 0.516818 0.614318 0.009959 0.009095
8 0.441219 0.605656 0.010207 0.010318
8 0.403967 0.663649 0.010113 0.009823
8 0.142277 0.192499 0.010335 0.010266
8 0.380816 0.360540 0.010151 0.009689
8 0.398253 0.300491 0.009377 0.009011
8 0.430595 0.302984 0.009380 0.010646
8 0.433966 0.340516 0.009126 0.008713
8 0.465799 0.357312 0.011377 0.011255
8 0.480949 0.438968 0.011745 0.010541
8 0.516940 0.435510 0.012332 0.011312
8 0.622131 0.319846 0.011009 0.011482
8 0.602942 0.410526 0.009187 0.009853
8 0.629926 0.446519 0.009824 0.010611
8 0.755622 0.439300 0.010081 0.008820
