4 0.585224 0.177143 0.005165 0.004761
4 0.140454 0.282398 0.004916 0.003590
4 0.145172 0.289495 0.004532 0.003453
4 0.150049 0.296041 0.004087 0.003453
4 0.131942 0.282467 0.004978 0.004140
4 0.144566 0.302758 0.004342 0.004072
4 0.129584 0.308580 0.004472 0.004003
4 0.139720 0.308753 0.004597 0.004211
4 0.114281 0.301828 0.004342 0.004142
4 0.099395 0.295076 0.004532 0.004003
4 0.074306 0.300726 0.004470 0.004279
4 0.084125 0.300933 0.004596 0.003866
4 0.089098 0.307616 0.004980 0.003864
4 0.099523 0.307720 0.004661 0.004072
4 0.109086 0.308477 0.004532 0.004348
4 0.119383 0.308926 0.004342 0.004416
4 0.124451 0.315298 0.004405 0.004348
4 0.118904 0.321155 0.004788 0.004072
4 0.108831 0.321535 0.004661 0.003727
4 0.103921 0.314816 0.004534 0.004348
4 0.083806 0.314231 0.004215 0.004003
4 0.094358 0.314403 0.004405 0.004485
4 0.089098 0.320880 0.004596 0.005037
4 0.098693 0.321569 0.004788 0.004211
4 0.128259 0.298879 0.012143 0.012361
4 0.060551 0.336799 0.009411 0.011162
4 0.228736 0.185335 0.004900 0.004190
4 0.238189 0.185508 0.005105 0.003963
4 0.251419 0.175919 0.004044 0.003502
4 0.242971 0.179652 0.004361 0.003847
4 0.247354 0.185738 0.004309 0.004077
4 0.271582 0.176408 0.004840 0.003674
4 0.258300 0.185594 0.004415 0.004364
4 0.258857 0.179451 0.005425 0.003560
4 0.266720 0.182437 0.004893 0.004364
4 0.277452 0.169460 0.004256 0.004135
4 0.353664 0.135643 0.004117 0.004311
4 0.323200 0.148805 0.005235 0.004279
4 0.348447 0.142190 0.005107 0.004692
4 0.337673 0.145397 0.014288 0.011505
4 0.624760 0.150937 0.005866 0.003928
4 0.631837 0.153559 0.005484 0.004485
4 0.643314 0.153696 0.005355 0.005037
4 0.654821 0.141363 0.004017 0.004485
4 0.642134 0.144295 0.015874 0.011575
4 0.545664 0.205532 0.005484 0.004211
4 0.551848 0.200467 0.004464 0.004829
4 0.561380 0.200226 0.004783 0.004763
4 0.559021 0.194094 0.004910 0.005037
4 0.566735 0.193715 0.004910 0.004831
4 0.572407 0.189305 0.005299 0.004692
4 0.579614 0.189581 0.004145 0.004967
4 0.586372 0.184379 0.005163 0.004073
4 0.590230 0.170254 0.004973 0.004348
4 0.601033 0.169358 0.004916 0.004761
4 0.605786 0.163812 0.005611 0.004416
4 0.596415 0.164121 0.004718 0.004072
4 0.587233 0.156646 0.004718 0.004553
4 0.585193 0.163570 0.004718 0.004485
4 0.576075 0.163260 0.004846 0.004140
4 0.579902 0.169875 0.005100 0.004968
4 0.570338 0.169530 0.004589 0.004692
4 0.572760 0.179765 0.013006 0.012196
4 0.668078 0.092082 0.004254 0.004267
4 0.669806 0.084772 0.004640 0.003880
4 0.677930 0.084842 0.004228 0.004128
4 0.688586 0.071619 0.004718 0.004061
4 0.689118 0.045379 0.005137 0.004024
4 0.684488 0.025745 0.004563 0.003933
4 0.734939 0.026699 0.004051 0.003905
4 0.740537 0.020151 0.004897 0.004044
4 0.730468 0.019749 0.004537 0.003905
4 0.689462 0.018750 0.005015 0.004522
4 0.699486 0.019796 0.004832 0.004290
4 0.710325 0.019448 0.005292 0.004388
4 0.719748 0.019248 0.004523 0.003926
4 0.724914 0.026758 0.005015 0.004589
4 0.689201 0.032108 0.004861 0.003924
4 0.714322 0.026392 0.005045 0.004191
4 0.704821 0.037940 0.004553 0.004156
4 0.684051 0.038637 0.005076 0.004357
4 0.694613 0.039037 0.004677 0.004290
4 0.699239 0.045864 0.004277 0.004256
4 0.694366 0.051995 0.004431 0.003957
4 0.699330 0.058614 0.004308 0.003926
4 0.688717 0.058399 0.005074 0.004552
4 0.678889 0.058621 0.004688 0.003827
4 0.701985 0.029127 0.019066 0.010311
4 0.683390 0.065080 0.005131 0.004467
4 0.674830 0.064960 0.004910 0.004706
4 0.678594 0.071778 0.004615 0.004626
4 0.674148 0.078378 0.004430 0.003947
4 0.615617 0.805383 0.004550 0.004121
4 0.602838 0.788621 0.004137 0.003230
4 0.611619 0.788580 0.004801 0.003708
4 0.622819 0.794821 0.004835 0.004068
4 0.627522 0.784255 0.004726 0.003667
4 0.637504 0.784194 0.004243 0.004267
4 0.643295 0.773309 0.004248 0.004427
4 0.653625 0.773449 0.004173 0.003987
4 0.658164 0.762364 0.003877 0.003669
4 0.665359 0.751769 0.004601 0.004167
4 0.673775 0.751697 0.004609 0.004692
4 0.678490 0.741050 0.004919 0.004168
4 0.688651 0.741194 0.004698 0.004550
4 0.684578 0.730404 0.004610 0.004311
4 0.694496 0.730404 0.004876 0.004121
4 0.690024 0.719351 0.004431 0.003833
4 0.699499 0.719902 0.004698 0.004645
4 0.695558 0.709039 0.004078 0.004263
4 0.705275 0.702630 0.015105 0.016698
4 0.705491 0.686573 0.004911 0.003952
4 0.700565 0.675349 0.004726 0.004232
4 0.710655 0.676053 0.004391 0.004346
4 0.706300 0.664841 0.004801 0.004190
4 0.715616 0.664807 0.004184 0.004256
4 0.710911 0.654259 0.004246 0.003954
4 0.720490 0.654307 0.004093 0.003991
4 0.725624 0.643194 0.004461 0.003954
4 0.737031 0.643242 0.004523 0.003991
4 0.742595 0.632744 0.004402 0.004585
4 0.727945 0.621744 0.004493 0.003924
4 0.737093 0.621894 0.004523 0.004552
4 0.747639 0.621995 0.004215 0.004685
4 0.734771 0.611077 0.004553 0.004190
4 0.725090 0.611049 0.004519 0.004685
4 0.804802 0.353726 0.004415 0.004249
4 0.783071 0.372961 0.004946 0.004594
1 0.551122 0.398419 0.014918 0.007664
1 0.593010 0.304380 0.015224 0.006862
0 0.656340 0.525258 0.006239 0.007338
1 0.986564 0.563377 0.005046 0.017110
1 0.981410 0.696846 0.011794 0.009072
1 0.837696 0.635464 0.013431 0.009972
1 0.847125 0.617080 0.015342 0.006445
1 0.758636 0.672003 0.011991 0.012062
1 0.685682 0.625056 0.010054 0.013861
1 0.814015 0.524893 0.014345 0.008565
4 0.792275 0.361149 0.012469 0.012899
1 0.818984 0.221615 0.012395 0.011658
0 0.917089 0.434832 0.002878 0.012920
0 0.960608 0.486293 0.004043 0.012403
1 0.680381 0.315185 0.013325 0.010060
1 0.988494 0.321670 0.011604 0.005025
1 0.902058 0.235242 0.016258 0.005382
1 0.904042 0.305136 0.016683 0.004313
0 0.851187 0.341423 0.014090 0.013848
1 0.851792 0.361129 0.014409 0.007785
1 0.901444 0.354829 0.004462 0.017801
1 0.912415 0.349948 0.006961 0.016190
0 0.957631 0.323499 0.008019 0.008231
1 0.975604 0.324312 0.006421 0.015600
1 0.960572 0.326800 0.010891 0.012823
1 0.903750 0.279619 0.013707 0.009710
1 0.889112 0.267389 0.014293 0.008790
1 0.801202 0.109371 0.016382 0.005072
1 0.761589 0.106586 0.016117 0.004979
1 0.773075 0.144853 0.014983 0.008159
1 0.905524 0.126482 0.014558 0.007521
1 0.991826 0.121887 0.011910 0.012301
1 0.986646 0.092489 0.009608 0.014886
1 0.938659 0.080132 0.016393 0.005000
1 0.913533 0.057558 0.006359 0.016716
1 0.400470 0.771646 0.004718 0.017363
2 0.744649 0.604879 0.006429 0.006086
2 0.772253 0.645737 0.005941 0.005063
2 0.969390 0.743168 0.005450 0.005408
2 0.930668 0.817376 0.006375 0.006078
1 0.785237 0.925159 0.014983 0.006890
1 0.410350 0.266561 0.014989 0.007718
1 0.321713 0.314194 0.012113 0.011714
1 0.737793 0.833487 0.010791 0.013040
1 0.745470 0.814972 0.005318 0.017342
1 0.675335 0.399592 0.010999 0.013207
1 0.860817 0.902434 0.015360 0.006609
1 0.879333 0.890350 0.005424 0.017226
1 0.902339 0.902093 0.006593 0.016595
1 0.726898 0.948165 0.005484 0.017168
0 0.175787 0.729224 0.010843 0.006946
0 0.265918 0.686665 0.006061 0.006603
0 0.266565 0.713313 0.011100 0.020188
0 0.285717 0.775088 0.010233 0.012729
1 0.326701 0.765134 0.004604 0.017896
2 0.509705 0.705249 0.005966 0.005360
1 0.561260 0.687206 0.007420 0.016028
1 0.526892 0.757112 0.005728 0.016865
2 0.483783 0.761977 0.006271 0.006021
11 0.671930 0.728626 0.013777 0.029017
11 0.682227 0.708132 0.006319 0.009232
11 0.686499 0.699932 0.006319 0.011714
11 0.694214 0.677642 0.007465 0.016881
11 0.716442 0.552186 0.009754 0.011988
11 0.701778 0.581604 0.007714 0.014337
11 0.707294 0.584635 0.005865 0.012547
11 0.692598 0.578024 0.009501 0.010900
11 0.713319 0.578611 0.008352 0.032039
11 0.175538 0.460105 0.005105 0.008841
11 0.043738 0.561595 0.013397 0.016454
11 0.144006 0.472460 0.006044 0.008441
11 0.109309 0.528071 0.004340 0.004409
11 0.038103 0.590766 0.007116 0.007607
11 0.197995 0.404316 0.006063 0.005306
11 0.168481 0.838666 0.009571 0.008681
11 0.191054 0.819856 0.013262 0.009163
11 0.216168 0.795934 0.006441 0.014124
11 0.807477 0.369420 0.017911 0.018826
2 0.821842 0.719832 0.005899 0.005220
2 0.766151 0.720047 0.005876 0.005350
2 0.443041 0.788746 0.006169 0.005977
1 0.463814 0.787917 0.009252 0.014757
1 0.602980 0.830710 0.006382 0.016881
1 0.666477 0.987385 0.004505 0.010649
0 0.673083 0.948684 0.008873 0.032217
3 0.666040 0.935421 0.009888 0.011088
1 0.584976 0.952109 0.004570 0.017512
1 0.444244 0.865196 0.004462 0.017456
3 0.434045 0.979592 0.011074 0.010239
0 0.422631 0.968872 0.011903 0.003289
0 0.406597 0.973906 0.010887 0.005450
0 0.330221 0.954774 0.008088 0.009836
0 0.332146 0.930153 0.002258 0.012637
1 0.360328 0.894449 0.011624 0.012959
1 0.305656 0.884254 0.015570 0.006858
0 0.335085 0.847210 0.002839 0.012201
1 0.268090 0.851232 0.016050 0.004469
0 0.283328 0.827075 0.006110 0.006795
0 0.291519 0.816787 0.008767 0.010526
1 0.345028 0.805536 0.006201 0.016871
1 0.462693 0.554238 0.013725 0.009858
1 0.563324 0.454858 0.014571 0.008421
1 0.407907 0.151092 0.012274 0.012001
1 0.358224 0.161199 0.014467 0.008351
1 0.199492 0.946558 0.011689 0.012690
1 0.025883 0.956857 0.015408 0.007184
0 0.087875 0.878014 0.009878 0.006363
0 0.117808 0.853396 0.011051 0.008096
0 0.136594 0.809460 0.009616 0.007521
0 0.263584 0.560551 0.009309 0.010543
0 0.280920 0.534272 0.007778 0.009645
1 0.263966 0.443288 0.014345 0.009244
1 0.081938 0.323729 0.005128 0.004026
4 0.015994 0.371009 0.004166 0.004311
4 0.025957 0.371680 0.004166 0.004119
4 0.036295 0.371680 0.004388 0.004119
4 0.045836 0.371823 0.004521 0.004121
4 0.051593 0.365411 0.004344 0.003928
4 0.077449 0.347253 0.004256 0.003880
4 0.067465 0.346632 0.004300 0.004072
4 0.072491 0.352995 0.003901 0.004263
4 0.067133 0.359790 0.004521 0.004263
4 0.062505 0.352588 0.003768 0.003928
4 0.042007 0.339095 0.003945 0.003544
4 0.052256 0.352349 0.004077 0.004023
4 0.046677 0.359119 0.004609 0.003783
4 0.041541 0.365411 0.004254 0.004216
4 0.030915 0.364455 0.004609 0.004216
4 0.036674 0.358518 0.004348 0.003745
4 0.018119 0.347684 0.004786 0.003785
4 0.026953 0.345531 0.004565 0.003594
4 0.057481 0.346057 0.004078 0.004072
4 0.032111 0.338760 0.004254 0.004119
4 0.036981 0.332348 0.004344 0.003736
4 0.047275 0.332516 0.004653 0.003977
4 0.072468 0.340076 0.004298 0.004263
4 0.067642 0.333019 0.004475 0.004216
4 0.062572 0.326559 0.004431 0.004024
4 0.052190 0.326295 0.004298 0.003880
4 0.067975 0.320171 0.004344 0.004167
4 0.057813 0.319430 0.004212 0.004408
4 0.052721 0.313400 0.003945 0.003833
4 0.058078 0.307084 0.003945 0.004502
4 0.187693 0.219529 0.003852 0.004307
4 0.182087 0.244192 0.005297 0.004348
4 0.185371 0.237164 0.004469 0.004209
4 0.176285 0.250773 0.003896 0.004140
4 0.184287 0.250944 0.003833 0.003935
4 0.181227 0.257352 0.005489 0.004898
4 0.176157 0.263002 0.004789 0.004348
4 0.180684 0.270168 0.004788 0.003796
4 0.170611 0.270374 0.004277 0.004209
4 0.160473 0.269858 0.004532 0.004692
4 0.151101 0.269996 0.004405 0.003729
4 0.155500 0.276610 0.004405 0.003727
4 0.165510 0.276817 0.004152 0.003866
4 0.175584 0.276713 0.004788 0.004485
4 0.180493 0.283501 0.004916 0.004003
4 0.175393 0.289701 0.004532 0.004279
4 0.170547 0.283259 0.004277 0.003659
4 0.155436 0.289633 0.004661 0.004142
4 0.160538 0.282640 0.004661 0.003796
4 0.144884 0.276059 0.004980 0.004003
4 0.150177 0.282364 0.004087 0.003796
4 0.165191 0.289495 0.004916 0.004692
4 0.170420 0.296661 0.004152 0.004416
4 0.160186 0.296592 0.004215 0.003866
4 0.155150 0.302931 0.004469 0.004416
