1 0.908879 0.528129 0.005791 0.002717
1 0.983957 0.498516 0.003138 0.005547
1 0.872228 0.435176 0.004603 0.004396
1 0.895240 0.291135 0.003938 0.004719
1 0.949663 0.218932 0.005800 0.002548
1 0.902534 0.196536 0.002812 0.006002
1 0.856284 0.035819 0.003824 0.004823
1 0.866683 0.154305 0.003351 0.005857
1 0.903676 0.154391 0.005847 0.002583
1 0.990187 0.135322 0.005795 0.002469
1 0.994303 0.110546 0.004254 0.004363
1 0.923043 0.022877 0.004691 0.004365
5 0.263788 0.291196 0.004284 0.005581
5 0.267996 0.288004 0.004204 0.005182
5 0.269583 0.283459 0.004942 0.005582
5 0.272108 0.279372 0.004315 0.005063
0 0.060062 0.082914 0.012046 0.013436
0 0.070929 0.160971 0.014771 0.008842
0 0.268222 0.163417 0.016363 0.004134
0 0.277889 0.156555 0.016577 0.005110
1 0.933311 0.546627 0.005071 0.003739
1 0.813326 0.528456 0.004243 0.004310
0 0.720923 0.754918 0.010781 0.014819
0 0.967267 0.513886 0.012398 0.012393
0 0.970454 0.517403 0.012396 0.012441
0 0.850553 0.405533 0.005312 0.017033
0 0.855285 0.407011 0.002877 0.011387
2 0.485539 0.344933 0.006683 0.005648
1 0.297393 0.273745 0.003725 0.004664
2 0.325989 0.360256 0.005976 0.005064
1 0.300925 0.441567 0.004696 0.004259
1 0.384513 0.409500 0.004279 0.004465
1 0.393539 0.439063 0.002168 0.005986
2 0.474601 0.450800 0.006108 0.006086
2 0.429753 0.479285 0.006691 0.005857
2 0.168185 0.539078 0.006362 0.005884
2 0.226042 0.518210 0.006321 0.006030
1 0.263809 0.559115 0.005529 0.002067
1 0.289648 0.509389 0.002820 0.005626
1 0.329265 0.583853 0.003192 0.005919
1 0.058774 0.232261 0.003504 0.004899
1 0.808653 0.021557 0.003764 0.004784
1 0.725199 0.023522 0.003998 0.004885
1 0.614007 0.062009 0.005001 0.002925
2 0.608964 0.115426 0.005870 0.005020
2 0.495203 0.095453 0.006396 0.005454
1 0.458181 0.022633 0.004613 0.004130
1 0.385312 0.103993 0.004225 0.004486
2 0.409228 0.096359 0.006199 0.005538
1 0.321163 0.106603 0.002401 0.006220
1 0.288492 0.038337 0.005226 0.003353
1 0.245575 0.091174 0.005566 0.002493
1 0.208445 0.053228 0.005813 0.002626
1 0.171275 0.061261 0.005723 0.002377
1 0.154261 0.130796 0.005121 0.002879
1 0.075874 0.125787 0.002412 0.006026
1 0.039467 0.117022 0.005464 0.002622
1 0.164015 0.168989 0.005840 0.002675
1 0.218690 0.175259 0.005759 0.002236
1 0.049279 0.006619 0.002284 0.005877
1 0.025027 0.049689 0.002285 0.006092
1 0.025496 0.184594 0.002310 0.005910
1 0.286658 0.198378 0.004171 0.004446
2 0.355164 0.186595 0.006165 0.005309
1 0.296848 0.235264 0.004363 0.004315
2 0.574456 0.201001 0.006430 0.006104
2 0.400757 0.162960 0.005006 0.004863
2 0.597105 0.234935 0.005881 0.005218
2 0.626857 0.387691 0.005966 0.005528
1 0.561741 0.423447 0.002347 0.006026
2 0.613696 0.451967 0.006818 0.005836
2 0.613777 0.465273 0.006249 0.005880
1 0.568950 0.489933 0.005519 0.003144
1 0.528029 0.573862 0.004531 0.004530
1 0.848733 0.575714 0.004584 0.004220
2 0.577481 0.753570 0.006170 0.005131
1 0.858495 0.600303 0.005048 0.003686
1 0.840947 0.686633 0.004430 0.004259
1 0.886569 0.821437 0.003293 0.005337
1 0.980464 0.828366 0.004354 0.004763
1 0.957484 0.985656 0.004918 0.003755
2 0.929240 0.830557 0.006373 0.006125
1 0.749303 0.954016 0.002567 0.005885
1 0.732904 0.918248 0.002258 0.005933
1 0.684269 0.879898 0.002735 0.006382
1 0.746837 0.741788 0.005710 0.002536
2 0.708246 0.783519 0.006152 0.006083
2 0.612280 0.768908 0.007063 0.006201
2 0.733564 0.696389 0.006267 0.005857
1 0.705868 0.683637 0.002236 0.006488
2 0.682522 0.660331 0.005949 0.004708
1 0.658271 0.652335 0.004650 0.004426
1 0.708747 0.637701 0.003729 0.005144
2 0.688778 0.611569 0.007086 0.006268
1 0.629784 0.586768 0.004093 0.005107
1 0.767509 0.536733 0.004168 0.004786
1 0.739681 0.429168 0.003355 0.005399
2 0.478060 0.690264 0.006546 0.005241
2 0.588450 0.826472 0.007139 0.006319
1 0.088002 0.263247 0.005046 0.003508
5 0.067905 0.300794 0.002161 0.004019
5 0.067092 0.296211 0.002168 0.003989
5 0.066937 0.290167 0.002761 0.007003
1 0.053795 0.300737 0.004706 0.003864
1 0.037306 0.302185 0.002153 0.006143
1 0.098971 0.338259 0.005661 0.002559
1 0.014562 0.489427 0.002096 0.005959
1 0.106162 0.428914 0.003001 0.005700
1 0.119311 0.474918 0.004212 0.004395
1 0.156316 0.464878 0.003231 0.005834
1 0.174118 0.485071 0.003653 0.005001
1 0.176399 0.507211 0.004543 0.004472
1 0.213186 0.527074 0.003731 0.004823
1 0.086356 0.534971 0.004096 0.004997
1 0.083474 0.551369 0.003614 0.005174
1 0.126063 0.663781 0.003079 0.005845
1 0.107491 0.686070 0.002981 0.005993
2 0.016987 0.783690 0.005971 0.005512
1 0.084148 0.771504 0.002848 0.005602
1 0.085570 0.789530 0.004621 0.004079
11 0.376549 0.545025 0.027534 0.031353
1 0.037280 0.807730 0.005069 0.003420
1 0.051253 0.817771 0.005110 0.003771
1 0.043726 0.852897 0.005646 0.003158
1 0.071348 0.912941 0.004870 0.003552
2 0.053638 0.933761 0.006253 0.005443
1 0.121763 0.837716 0.002368 0.006033
1 0.231557 0.832884 0.005281 0.003374
1 0.110270 0.907266 0.005205 0.003618
1 0.133968 0.906865 0.004976 0.002943
1 0.267104 0.900641 0.005402 0.003158
1 0.602415 0.755996 0.002042 0.006065
2 0.419260 0.809155 0.007058 0.005524
1 0.385790 0.840119 0.005509 0.002814
1 0.389322 0.854441 0.005408 0.003033
2 0.391789 0.846567 0.006557 0.006289
2 0.414197 0.866645 0.006152 0.005374
2 0.421346 0.897445 0.006186 0.005371
2 0.385600 0.933996 0.005883 0.005218
2 0.523170 0.952008 0.006478 0.005951
2 0.558456 0.906620 0.006246 0.005660
1 0.514747 0.799259 0.004060 0.004911
1 0.754090 0.133115 0.002254 0.006370
1 0.745465 0.185542 0.004606 0.004719
1 0.770577 0.359518 0.003394 0.005144
1 0.758536 0.216592 0.002347 0.006079
1 0.715734 0.352981 0.004078 0.005168
2 0.693968 0.355940 0.006183 0.005864
2 0.656205 0.334374 0.006628 0.006002
1 0.650077 0.369020 0.003689 0.005399
1 0.631982 0.361502 0.002843 0.005982
1 0.763661 0.283642 0.004518 0.004585
1 0.673773 0.244448 0.003102 0.005732
1 0.660141 0.209685 0.002919 0.005519
5 0.603513 0.846064 0.005263 0.003279
5 0.602690 0.842820 0.004572 0.003107
5 0.598972 0.838628 0.004892 0.003336
0 0.720953 0.022048 0.009025 0.015378
2 0.273350 0.430638 0.006479 0.006724
0 0.062237 0.032550 0.012481 0.012229
0 0.070523 0.018482 0.009082 0.010049
0 0.085315 0.008147 0.014235 0.009704
0 0.055249 0.081501 0.010962 0.013780
